# unix_time, cycles_done, cur_path, paths_total, pending_total, pending_favs, map_size, unique_crashes, unique_hangs, max_depth, execs_per_sec, total_execs, state, total_fuzz, total_select, total_energy_used
1641004059, 0, 0, 1, 1, 1, 2.77%, 0, 0, 1, 1000.00, 8, 0, 0, 0, 1
1641004065, 0, 36, 142, 106, 48, 4.37%, 0, 0, 3, 1540.48, 8088, 1, 1585, 36, 1547
1641004070, 0, 77, 152, 75, 32, 4.42%, 0, 0, 3, 1542.75, 15618, 1, 2241, 77, 2157
1641004075, 0, 108, 160, 52, 25, 4.47%, 0, 0, 3, 1154.43, 21194, 1, 2743, 108, 2636
1641004080, 0, 146, 171, 25, 16, 4.52%, 0, 0, 4, 1266.58, 27382, 1, 3421, 146, 3365
1641004085, 0, 173, 185, 12, 5, 4.57%, 0, 0, 4, 1227.28, 32450, 1, 3907, 173, 3825
1641004090, 0, 194, 196, 2, 1, 4.59%, 0, 0, 7, 594.74, 36584, 1, 4343, 194, 4344
1641004095, 7, 215, 218, 3, 2, 4.68%, 0, 0, 8, 162.94, 41351, 1, 5380, 239, 5357
1641004100, 17, 230, 231, 1, 0, 4.70%, 0, 0, 9, 774.82, 44953, 1, 6806, 291, 6745
1641004105, 28, 253, 254, 1, 1, 4.79%, 0, 0, 9, 977.43, 49769, 1, 7851, 332, 7845
1641004111, 40, 239, 276, 0, 0, 4.95%, 0, 0, 9, 1223.70, 54633, 2, 9067, 375, 8911
1641004116, 55, 190, 296, 1, 0, 5.03%, 0, 0, 10, 1185.31, 60474, 2, 11712, 440, 11693
1641004121, 68, 257, 316, 1, 0, 5.12%, 0, 0, 10, 755.00, 65372, 2, 13875, 495, 13842
1641004126, 84, 331, 332, 1, 1, 5.18%, 0, 0, 11, 1155.14, 71801, 1, 17602, 580, 17522
1641004131, 93, 343, 349, 6, 1, 5.26%, 0, 0, 12, 1000.11, 76884, 1, 20394, 620, 20335
1641004136, 98, 362, 363, 1, 1, 5.35%, 0, 0, 12, 1050.91, 81864, 1, 22060, 648, 22011
1641004141, 111, 363, 383, 1, 0, 5.43%, 0, 0, 12, 1248.67, 88552, 2, 25658, 697, 25621
1641004146, 113, 397, 398, 1, 0, 5.49%, 0, 0, 12, 463.13, 92638, 1, 26641, 716, 26578
1641004151, 126, 410, 411, 1, 0, 5.54%, 0, 0, 15, 720.15, 97272, 2, 29257, 749, 29027
1641004157, 132, 34, 414, 0, 0, 5.56%, 0, 0, 15, 194.96, 101960, 2, 33254, 833, 33144
1641004162, 134, 422, 423, 1, 1, 5.61%, 0, 0, 15, 1040.88, 105843, 1, 35671, 883, 35610
1641004167, 144, 337, 440, 0, 0, 5.77%, 0, 0, 15, 1113.62, 111500, 2, 38527, 921, 37820
1641004172, 147, 448, 449, 1, 1, 5.80%, 0, 0, 15, 217.36, 116304, 1, 41958, 950, 41715
1641004177, 152, 440, 460, 0, 0, 5.81%, 0, 0, 15, 778.16, 120481, 2, 44235, 973, 43846
1641004182, 159, 469, 471, 2, 1, 5.89%, 0, 0, 15, 1002.21, 125488, 1, 47595, 1006, 47545
1641004187, 168, 482, 483, 1, 0, 5.95%, 0, 0, 15, 1065.43, 130892, 1, 50894, 1042, 50867
1641004192, 177, 495, 497, 0, 0, 5.98%, 0, 0, 15, 1148.35, 136824, 2, 54557, 1082, 54329
1641004198, 187, 509, 510, 1, 0, 6.06%, 0, 0, 15, 1139.39, 142645, 1, 58412, 1120, 58377
1641004203, 192, 514, 516, 1, 0, 6.08%, 0, 0, 15, 1103.82, 148431, 2, 63283, 1156, 63246
1641004208, 200, 520, 521, 1, 1, 6.10%, 0, 0, 15, 944.90, 152072, 1, 65868, 1176, 65748
1641004213, 209, 530, 531, 1, 0, 6.17%, 0, 0, 15, 1231.92, 157190, 1, 69407, 1207, 69240
1641004218, 216, 215, 536, 0, 0, 6.22%, 0, 0, 15, 1235.40, 163417, 2, 74859, 1253, 73413
1641004223, 222, 541, 543, 2, 1, 6.53%, 0, 0, 15, 1223.89, 169726, 1, 80097, 1296, 80063
1641004228, 222, 553, 577, 24, 7, 6.83%, 0, 0, 15, 91.45, 173453, 1, 81730, 1308, 81493
1641004233, 222, 569, 613, 44, 7, 6.95%, 0, 0, 15, 762.31, 177710, 1, 83387, 1324, 83382
1641004238, 222, 586, 636, 50, 8, 6.96%, 0, 0, 15, 511.39, 182376, 1, 85222, 1341, 84847
1641004243, 222, 599, 649, 50, 9, 7.00%, 0, 0, 15, 305.19, 185893, 1, 86631, 1354, 86604
1641004249, 222, 618, 662, 44, 8, 7.01%, 0, 0, 15, 846.49, 190563, 1, 88414, 1373, 88415
1641004254, 222, 634, 679, 45, 9, 7.04%, 0, 0, 15, 1282.36, 195117, 1, 90396, 1389, 90356
1641004259, 222, 652, 692, 40, 8, 7.05%, 0, 0, 15, 984.83, 199749, 1, 92308, 1407, 92168
1641004264, 222, 666, 710, 44, 10, 7.08%, 0, 0, 15, 786.45, 203692, 1, 93892, 1421, 93787
1641004269, 222, 686, 719, 33, 7, 7.08%, 0, 0, 15, 997.65, 208969, 1, 96143, 1441, 96119
1641004274, 222, 701, 730, 29, 7, 7.10%, 0, 1, 15, 1138.63, 212951, 1, 97834, 1456, 97618
1641004279, 222, 716, 743, 27, 4, 7.10%, 0, 1, 16, 907.36, 216953, 1, 99510, 1471, 99456
1641004284, 222, 735, 752, 17, 2, 7.11%, 0, 1, 17, 897.97, 221758, 1, 101441, 1490, 101343
1641004289, 222, 752, 759, 7, 1, 7.12%, 0, 1, 17, 876.41, 226097, 1, 103210, 1507, 102352
1641004294, 222, 773, 777, 4, 0, 7.12%, 0, 1, 22, 1088.25, 231768, 1, 105664, 1528, 105582
1641004300, 223, 793, 800, 7, 2, 7.14%, 0, 1, 24, 1094.27, 237571, 1, 108357, 1552, 108178
1641004305, 226, 810, 811, 0, 0, 7.14%, 0, 1, 24, 1141.79, 243462, 2, 111665, 1577, 111287
1641004310, 234, 818, 821, 3, 2, 7.15%, 0, 1, 24, 1040.71, 248260, 1, 115222, 1602, 115151
1641004315, 234, 831, 837, 6, 1, 7.15%, 0, 2, 24, 1057.98, 251898, 1, 116809, 1615, 116755
1641004320, 235, 845, 850, 5, 2, 7.30%, 0, 2, 24, 922.48, 255859, 1, 118631, 1630, 118513
1641004325, 235, 866, 874, 8, 0, 7.30%, 0, 2, 24, 1093.89, 261602, 1, 121096, 1651, 120929
1641004330, 235, 885, 898, 13, 3, 7.33%, 0, 2, 24, 1040.33, 266737, 1, 123227, 1670, 122738
1641004335, 235, 903, 910, 7, 2, 7.36%, 0, 2, 25, 1009.84, 271727, 1, 125414, 1688, 124212
1641004340, 236, 917, 926, 9, 4, 7.61%, 0, 2, 28, 976.39, 276674, 1, 128160, 1707, 128133
1641004346, 236, 933, 963, 30, 6, 7.63%, 0, 2, 29, 194.47, 281129, 1, 129993, 1723, 129934
1641004351, 236, 947, 975, 28, 7, 7.71%, 0, 2, 30, 1001.78, 284671, 1, 131350, 1737, 131302
1641004356, 236, 966, 1003, 37, 7, 7.71%, 0, 2, 30, 1014.07, 289632, 1, 133303, 1756, 132994
1641004361, 236, 985, 1018, 33, 6, 7.73%, 0, 2, 31, 968.30, 294590, 1, 135320, 1775, 134753
1641004366, 236, 1005, 1033, 28, 3, 7.73%, 0, 2, 31, 1059.80, 299825, 1, 137564, 1795, 137439
1641004371, 236, 1023, 1047, 24, 2, 7.73%, 0, 2, 32, 913.83, 304443, 1, 139390, 1813, 139329
1641004376, 236, 1043, 1063, 20, 3, 7.73%, 0, 2, 33, 990.73, 309721, 1, 141598, 1833, 141573
1641004382, 236, 1063, 1072, 9, 2, 7.73%, 0, 2, 34, 1023.64, 314881, 1, 143826, 1853, 143480
1641004387, 236, 1070, 1078, 8, 1, 7.73%, 0, 2, 34, 1247.00, 316812, 1, 144621, 1860, 144352
1641004392, 236, 1082, 1090, 8, 0, 7.74%, 0, 2, 36, 394.17, 319968, 1, 145929, 1872, 145928
1641004397, 238, 967, 1097, 0, 0, 7.74%, 0, 2, 38, 872.83, 324591, 2, 148385, 1893, 147694
1641004402, 239, 1115, 1116, 1, 0, 7.88%, 0, 2, 38, 1093.93, 330382, 1, 151225, 1917, 150851
1641004407, 243, 1119, 1120, 1, 0, 7.88%, 0, 2, 38, 189.27, 335052, 1, 155278, 1945, 155121
1641004412, 248, 1129, 1131, 1, 0, 7.88%, 0, 2, 40, 722.78, 339364, 2, 158042, 1962, 158029
1641004417, 253, 1136, 1137, 1, 0, 7.89%, 0, 2, 40, 940.00, 343736, 1, 161429, 1985, 161392
1641004422, 256, 880, 1139, 0, 0, 7.89%, 0, 2, 40, 648.82, 346932, 2, 164217, 2003, 163299
1641004427, 259, 1134, 1144, 0, 0, 7.92%, 0, 2, 40, 1081.00, 351699, 2, 168210, 2032, 167180
1641004432, 262, 1146, 1147, 0, 0, 7.92%, 0, 2, 40, 1046.27, 356845, 2, 172893, 2059, 172688
1641004438, 266, 1147, 1150, 0, 0, 7.92%, 0, 2, 40, 766.27, 360882, 2, 176465, 2079, 175877
1641004443, 266, 955, 1150, 0, 0, 7.92%, 0, 2, 40, 443.87, 363408, 2, 178986, 2092, 175877
1641004448, 268, 1153, 1158, 5, 4, 7.93%, 0, 2, 40, 868.85, 367907, 1, 182779, 2114, 182759
1641004453, 272, 1164, 1165, 1, 0, 7.95%, 0, 2, 40, 142.19, 372740, 1, 185838, 2131, 185689
1641004458, 274, 1178, 1189, 11, 2, 8.08%, 0, 2, 40, 1090.00, 377662, 1, 188484, 2149, 188249
1641004463, 274, 1196, 1201, 5, 1, 8.08%, 0, 2, 40, 1072.06, 383178, 1, 191077, 2167, 191024
1641004469, 276, 1215, 1216, 1, 0, 8.10%, 0, 2, 40, 1106.34, 388869, 1, 194259, 2192, 194048
1641004474, 281, 1071, 1220, 0, 0, 8.10%, 0, 2, 40, 1080.94, 394215, 2, 198972, 2220, 198027
1641004479, 281, 896, 1220, 0, 0, 8.10%, 0, 2, 40, 931.45, 398899, 2, 203656, 2248, 198027
1641004484, 285, 844, 1224, 0, 0, 8.10%, 0, 2, 40, 909.68, 403501, 2, 207623, 2270, 207359
1641004489, 285, 705, 1224, 0, 0, 8.10%, 0, 2, 40, 969.81, 407719, 2, 211840, 2295, 207359
1641004494, 286, 1232, 1235, 3, 1, 8.23%, 0, 2, 40, 1083.58, 411569, 1, 214285, 2309, 214248
1641004499, 288, 1243, 1245, 2, 1, 8.25%, 0, 2, 40, 1121.79, 417376, 1, 218505, 2338, 218274
1641004504, 292, 1252, 1253, 1, 0, 8.27%, 0, 2, 40, 1042.63, 422971, 1, 222575, 2361, 222512
1641004509, 296, 1261, 1262, 1, 0, 8.27%, 0, 2, 40, 937.66, 427616, 1, 225918, 2378, 225645
1641004514, 302, 1269, 1270, 1, 0, 8.29%, 0, 2, 41, 911.50, 431984, 1, 229092, 2397, 228967
1641004520, 307, 1031, 1272, 0, 0, 8.29%, 0, 3, 41, 1171.34, 436472, 2, 233127, 2420, 230529
1641004525, 311, 1274, 1275, 0, 0, 8.29%, 0, 3, 41, 742.51, 441494, 2, 237693, 2442, 237116
1641004530, 314, 1285, 1291, 6, 1, 8.50%, 0, 3, 41, 1019.20, 446691, 1, 241203, 2460, 241065
1641004535, 315, 1305, 1307, 2, 0, 8.51%, 0, 3, 41, 1162.95, 452825, 1, 244274, 2481, 244041
1641004540, 316, 1324, 1327, 3, 1, 8.52%, 0, 3, 45, 1128.29, 458552, 1, 247142, 2501, 247083
1641004545, 321, 1299, 1332, 0, 0, 8.53%, 0, 3, 46, 1066.53, 464046, 2, 251494, 2526, 250941
1641004550, 327, 1337, 1340, 0, 0, 8.53%, 0, 3, 46, 1066.52, 469454, 2, 255670, 2548, 255313
1641004555, 332, 1349, 1351, 2, 2, 8.54%, 0, 3, 46, 1105.34, 475033, 1, 259699, 2567, 259506
1641004560, 334, 1361, 1362, 1, 0, 8.56%, 0, 3, 46, 1069.83, 479847, 1, 262666, 2584, 262299
1641004566, 338, 764, 1367, 0, 0, 8.56%, 0, 3, 46, 1100.85, 485297, 2, 267349, 2608, 265666
1641004571, 345, 833, 1373, 0, 0, 8.56%, 0, 3, 46, 1052.81, 490447, 2, 271573, 2629, 270865
1641004576, 349, 1377, 1378, 1, 0, 8.58%, 0, 3, 46, 1139.31, 495742, 1, 276096, 2651, 275828
1641004581, 350, 1217, 1378, 0, 0, 8.58%, 0, 3, 46, 1119.70, 501151, 2, 281505, 2677, 275828
1641004586, 355, 1383, 1386, 3, 1, 8.65%, 0, 3, 46, 1079.23, 506589, 1, 285985, 2696, 285888
1641004591, 355, 1397, 1409, 12, 3, 8.67%, 0, 3, 46, 1034.96, 511308, 1, 288472, 2710, 287731
1641004596, 355, 1414, 1424, 10, 3, 8.67%, 0, 3, 46, 1071.26, 516782, 1, 291343, 2727, 291240
1641004601, 355, 1433, 1437, 4, 0, 8.68%, 0, 3, 46, 1163.17, 522906, 1, 294588, 2746, 293617
1641004606, 357, 1450, 1451, 1, 1, 8.69%, 0, 3, 46, 1184.61, 528943, 1, 298103, 2767, 297965
1641004611, 360, 1419, 1455, 0, 0, 8.75%, 0, 3, 46, 1152.07, 534875, 2, 303343, 2791, 302351
1641004617, 362, 1435, 1456, 0, 0, 8.75%, 0, 3, 46, 1171.86, 540824, 2, 309137, 2812, 303388
1641004622, 366, 1450, 1462, 0, 0, 8.75%, 0, 3, 46, 1098.16, 546122, 2, 313510, 2831, 313162
1641004627, 368, 1428, 1463, 0, 0, 8.75%, 0, 3, 46, 992.11, 551006, 2, 318238, 2848, 315060
1641004632, 369, 1474, 1476, 2, 1, 8.81%, 0, 3, 46, 870.88, 555673, 1, 321113, 2863, 321091
1641004637, 371, 1465, 1481, 1, 0, 8.82%, 0, 3, 46, 949.65, 558857, 2, 323520, 2875, 323448
1641004643, 372, 752, 1481, 0, 0, 8.82%, 0, 4, 46, 118.60, 562728, 2, 327245, 2895, 323448
1641004648, 376, 1486, 1487, 1, 1, 8.82%, 0, 4, 46, 988.65, 567938, 1, 331530, 2913, 331239
1641004653, 379, 1497, 1503, 6, 2, 8.87%, 0, 4, 46, 1073.84, 573715, 1, 335571, 2930, 335387
1641004658, 379, 1511, 1522, 11, 1, 8.87%, 0, 4, 46, 140.86, 578653, 1, 338312, 2944, 338193
1641004663, 379, 1527, 1532, 5, 1, 8.87%, 0, 4, 46, 1245.46, 584131, 1, 340847, 2960, 340632
1641004668, 379, 1534, 1541, 7, 2, 8.88%, 0, 4, 46, 1145.78, 590022, 1, 342254, 2967, 342230
1641004673, 379, 1539, 1548, 9, 1, 8.88%, 0, 4, 46, 1037.73, 594791, 1, 343048, 2972, 342812
1641004678, 379, 1545, 1554, 9, 0, 8.88%, 0, 4, 46, 801.00, 598282, 1, 344014, 2978, 343985
1641004684, 379, 1548, 1556, 8, 1, 8.89%, 0, 4, 46, 850.99, 602301, 1, 344532, 2981, 344363
1641004689, 379, 1550, 1558, 8, 1, 8.89%, 0, 4, 46, 464.94, 604000, 1, 344959, 2983, 344734
1641004694, 379, 1555, 1560, 5, 0, 8.89%, 0, 4, 46, 814.80, 608293, 1, 345704, 2988, 345538
1641004699, 379, 1558, 1561, 3, 0, 8.89%, 0, 4, 46, 353.27, 610677, 1, 346205, 2991, 345886
1641004704, 379, 1560, 1564, 4, 0, 8.89%, 0, 4, 46, 91.75, 612562, 1, 346531, 2993, 346240
1641004725, 379, 1562, 1569, 7, 0, 8.89%, 0, 4, 46, 670.11, 616901, 1, 346853, 2995, 346758
1641004730, 379, 1564, 1570, 6, 0, 8.89%, 0, 4, 46, 10.73, 618928, 1, 347163, 2997, 347142
1641004750, 379, 1565, 1571, 6, 0, 8.89%, 0, 4, 46, 118.04, 621316, 1, 347323, 2998, 347208
1641004766, 379, 1566, 1572, 6, 0, 8.89%, 0, 4, 46, 132.83, 623265, 1, 347477, 2999, 347388
1641004786, 379, 1567, 1572, 5, 0, 8.89%, 0, 4, 46, 728.21, 627004, 1, 347627, 3000, 347388
1641004791, 379, 1570, 1573, 3, 0, 8.89%, 0, 4, 46, 104.79, 629955, 1, 348104, 3003, 347893
1641004811, 379, 1571, 1573, 2, 0, 8.89%, 0, 4, 46, 115.58, 632253, 1, 348269, 3004, 347893
1641004831, 381, 1496, 1574, 0, 0, 8.89%, 0, 4, 46, 915.94, 637873, 2, 351335, 3019, 349177
1641004836, 383, 1578, 1580, 1, 0, 8.89%, 0, 4, 46, 923.86, 642154, 2, 354838, 3033, 354584
1641004841, 387, 1507, 1583, 0, 0, 8.90%, 0, 4, 46, 1067.89, 647982, 2, 360058, 3053, 357823
1641004847, 389, 1524, 1584, 0, 0, 8.90%, 0, 4, 46, 1020.64, 652810, 2, 364731, 3069, 360922
1641004852, 389, 1584, 1585, 1, 0, 8.90%, 0, 4, 46, 1127.97, 658716, 1, 370584, 3092, 370409
1641004857, 391, 776, 1587, 0, 0, 8.90%, 0, 4, 46, 1179.40, 664670, 2, 376122, 3116, 371441
1641004862, 395, 1590, 1592, 1, 0, 8.92%, 0, 4, 46, 1264.19, 670701, 2, 381536, 3137, 381195
1641004867, 398, 1592, 1595, 0, 0, 8.92%, 0, 4, 46, 1249.22, 675766, 2, 385975, 3155, 384926
1641004872, 399, 1602, 1605, 3, 0, 8.92%, 0, 5, 46, 533.58, 679143, 1, 388128, 3164, 387840
1641004877, 402, 1609, 1610, 0, 0, 8.92%, 0, 5, 46, 842.49, 683472, 2, 391366, 3178, 390503
1641004882, 406, 1616, 1618, 2, 0, 8.92%, 0, 5, 46, 769.40, 687351, 1, 394150, 3189, 393770
1641004888, 409, 1621, 1622, 0, 0, 8.92%, 0, 5, 46, 782.68, 691264, 2, 397285, 3203, 395451
1641004893, 412, 1361, 1623, 0, 0, 8.92%, 0, 5, 46, 994.30, 696385, 2, 402256, 3220, 401185
1641004898, 412, 1624, 1626, 2, 0, 8.92%, 0, 5, 46, 801.36, 700465, 1, 404237, 3228, 404030
1641004903, 413, 1255, 1626, 0, 0, 8.92%, 0, 5, 46, 987.76, 703577, 2, 405294, 3232, 404030
1641004908, 415, 1332, 1627, 0, 0, 8.92%, 0, 5, 46, 1312.64, 709009, 2, 410571, 3256, 408040
1641004913, 417, 836, 1629, 0, 0, 8.92%, 0, 5, 48, 1088.43, 714510, 2, 415764, 3279, 414226
1641004918, 420, 1633, 1634, 0, 0, 8.93%, 0, 5, 48, 1158.98, 720248, 2, 420732, 3299, 419920
1641004923, 424, 1636, 1637, 1, 0, 8.93%, 0, 5, 48, 911.87, 723835, 1, 423099, 3306, 422920
1641004928, 426, 1252, 1639, 1, 0, 8.93%, 0, 5, 48, 166.67, 727326, 2, 424295, 3310, 423526
1641004933, 426, 1638, 1639, 1, 0, 8.93%, 0, 5, 48, 4.81, 727958, 1, 424482, 3311, 424296
1641004944, 426, 1639, 1640, 1, 0, 8.93%, 0, 5, 48, 79.46, 728901, 1, 424715, 3312, 424491
1641004959, 427, 1173, 1640, 0, 0, 8.93%, 0, 5, 48, 792.74, 731304, 2, 426042, 3317, 424491
1641004964, 429, 1642, 1644, 2, 0, 8.93%, 0, 5, 48, 1003.43, 736740, 1, 428747, 3328, 428088
1641004969, 429, 1644, 1647, 3, 0, 8.93%, 0, 5, 48, 897.01, 741176, 1, 429421, 3330, 429337
1641004974, 429, 1647, 1648, 1, 0, 8.93%, 0, 5, 48, 967.09, 746138, 1, 429956, 3333, 429750
1641004979, 429, 1650, 1658, 8, 0, 8.93%, 0, 5, 48, 867.94, 750637, 1, 430629, 3336, 430356
1641004984, 429, 1651, 1663, 12, 0, 8.93%, 0, 5, 48, 668.62, 753774, 1, 430856, 3337, 430789
1641004989, 429, 1653, 1665, 12, 0, 8.93%, 0, 5, 48, 716.93, 757522, 1, 431441, 3339, 431184
1641004994, 429, 1656, 1667, 11, 0, 8.93%, 0, 5, 48, 740.03, 761517, 1, 431952, 3342, 431751
1641004999, 429, 1658, 1668, 10, 0, 8.93%, 0, 5, 48, 694.99, 765010, 1, 432354, 3344, 432034
1641005005, 429, 1659, 1669, 10, 0, 8.93%, 0, 5, 48, 643.81, 768222, 1, 432630, 3345, 432369
1641005010, 429, 1661, 1671, 10, 0, 8.93%, 0, 5, 48, 642.31, 771598, 1, 432942, 3347, 432708
1641005015, 429, 1663, 1674, 11, 0, 8.93%, 0, 5, 48, 674.73, 774948, 1, 433334, 3349, 433233
1641005020, 429, 1665, 1674, 9, 0, 8.93%, 0, 5, 48, 679.51, 778542, 1, 433719, 3351, 433233
1641005025, 429, 1667, 1674, 7, 0, 8.93%, 0, 5, 48, 748.27, 781953, 1, 434126, 3353, 433233
1641005030, 429, 1668, 1675, 7, 0, 8.93%, 0, 5, 48, 536.56, 784426, 1, 434537, 3354, 434351
1641005035, 429, 1670, 1675, 5, 0, 8.93%, 0, 5, 48, 611.87, 787648, 1, 434754, 3356, 434351
1641005040, 429, 1672, 1676, 4, 0, 8.93%, 0, 5, 48, 610.27, 790616, 1, 435174, 3358, 434992
1641005045, 429, 1674, 1679, 5, 0, 8.93%, 0, 5, 48, 693.59, 793793, 1, 435580, 3360, 435368
1641005050, 429, 1675, 1679, 4, 0, 8.93%, 0, 5, 48, 690.34, 797228, 1, 435789, 3361, 435368
1641005055, 429, 1677, 1682, 5, 0, 8.93%, 0, 5, 48, 608.42, 800491, 1, 436210, 3363, 436092
1641005060, 429, 1679, 1682, 3, 0, 8.93%, 0, 5, 48, 695.90, 804038, 1, 436617, 3365, 436092
1641005066, 429, 1681, 1684, 3, 0, 8.93%, 0, 5, 48, 726.86, 807812, 1, 437041, 3367, 436824
1641005071, 429, 1683, 1685, 2, 0, 8.93%, 0, 5, 48, 648.21, 810966, 1, 437464, 3369, 437065
1641005076, 429, 1685, 1686, 1, 0, 8.93%, 0, 5, 48, 772.98, 814902, 1, 437885, 3371, 437621
1641005081, 430, 1687, 1688, 1, 0, 8.93%, 0, 5, 48, 719.63, 818431, 1, 438653, 3374, 438557
1641005086, 430, 1688, 1689, 1, 0, 8.93%, 0, 5, 48, 483.10, 820608, 1, 438866, 3375, 438675
1641005091, 431, 1689, 1692, 3, 0, 8.93%, 0, 5, 48, 613.93, 823682, 1, 439290, 3377, 439173
1641005096, 431, 1691, 1692, 1, 0, 8.93%, 0, 5, 48, 137.82, 826314, 1, 439643, 3379, 439291
1641005101, 431, 1693, 1695, 2, 0, 8.93%, 0, 5, 48, 804.11, 830210, 1, 440036, 3381, 440032
1641005106, 431, 1695, 1698, 3, 1, 8.94%, 0, 5, 48, 792.35, 834331, 1, 440423, 3383, 440272
1641005111, 431, 1698, 1700, 2, 1, 8.94%, 0, 5, 48, 643.82, 838631, 1, 440986, 3386, 440812
1641005116, 432, 1700, 1701, 1, 1, 8.95%, 0, 5, 48, 776.08, 842670, 1, 442345, 3392, 442053
1641005121, 433, 1674, 1702, 0, 0, 8.95%, 0, 5, 48, 749.05, 846384, 2, 442979, 3394, 442457
1641005127, 434, 1703, 1704, 1, 0, 8.95%, 0, 5, 48, 803.44, 850243, 1, 443759, 3398, 443734
1641005132, 435, 1705, 1706, 1, 0, 8.95%, 0, 5, 48, 844.23, 854699, 1, 445549, 3405, 445293
1641005137, 437, 1702, 1708, 1, 0, 8.95%, 0, 5, 48, 784.26, 858582, 2, 447242, 3411, 447190
1641005142, 438, 1708, 1709, 1, 0, 8.95%, 0, 5, 48, 824.23, 863022, 1, 448531, 3415, 448100
1641005147, 439, 1709, 1710, 1, 0, 8.95%, 0, 5, 48, 61.30, 867198, 1, 451578, 3426, 451203
1641005153, 440, 1710, 1711, 1, 0, 8.95%, 0, 5, 48, 711.27, 871217, 1, 454015, 3436, 453911
1641005158, 442, 1712, 1714, 2, 1, 8.96%, 0, 5, 48, 835.74, 875418, 1, 455500, 3440, 455375
1641005163, 442, 1714, 1716, 2, 1, 8.96%, 0, 5, 48, 817.38, 879381, 1, 455990, 3442, 455923
1641005168, 442, 1717, 1719, 2, 0, 8.96%, 0, 5, 48, 892.82, 884139, 1, 456705, 3445, 456152
1641005173, 442, 1718, 1719, 1, 0, 8.96%, 0, 5, 48, 286.86, 887049, 1, 456947, 3446, 456152
1641005178, 443, 1719, 1720, 1, 0, 8.96%, 0, 5, 48, 221.29, 889289, 1, 457650, 3448, 457264
1641005183, 445, 1717, 1720, 0, 0, 8.96%, 0, 5, 48, 516.16, 891518, 2, 459593, 3453, 457264
1641005188, 447, 644, 1721, 0, 0, 8.96%, 0, 5, 48, 914.36, 896647, 2, 464568, 3472, 463421
1641005193, 448, 1721, 1723, 1, 0, 8.96%, 0, 5, 48, 807.49, 901002, 2, 467345, 3485, 466817
1641005198, 448, 1723, 1725, 2, 0, 8.96%, 0, 5, 48, 743.35, 905060, 1, 468247, 3487, 468152
1641005204, 448, 1725, 1727, 2, 0, 8.96%, 0, 5, 48, 615.93, 907923, 1, 468660, 3489, 468582
1641005209, 448, 1726, 1727, 1, 0, 8.96%, 0, 5, 48, 484.64, 910082, 1, 468919, 3490, 468582
1641005214, 448, 1727, 1728, 1, 0, 8.96%, 0, 5, 48, 56.74, 912121, 1, 469180, 3491, 469075
1641005219, 449, 1728, 1729, 1, 1, 9.02%, 0, 5, 48, 184.44, 912997, 1, 469684, 3493, 469557
1641005224, 449, 1729, 1731, 2, 1, 9.02%, 0, 5, 48, 451.04, 915453, 1, 469935, 3494, 469904
1641005229, 449, 1730, 1735, 5, 2, 9.02%, 0, 5, 48, 559.14, 918472, 1, 470395, 3495, 470298
1641005234, 449, 1733, 1738, 5, 2, 9.02%, 0, 5, 48, 791.34, 923063, 1, 470884, 3498, 470677
1641005239, 449, 1735, 1740, 5, 2, 9.02%, 0, 5, 48, 853.08, 927261, 1, 471308, 3500, 470915
1641005244, 449, 1738, 1741, 3, 1, 9.02%, 0, 5, 48, 886.83, 931749, 1, 471926, 3503, 471316
1641005250, 449, 1740, 1742, 2, 1, 9.02%, 0, 5, 48, 26.63, 935851, 1, 472346, 3505, 472055
1641005255, 450, 1742, 1743, 1, 0, 9.02%, 0, 5, 48, 791.95, 940081, 1, 473906, 3512, 473717
1641005260, 451, 1744, 1745, 1, 0, 9.02%, 0, 5, 48, 733.16, 943538, 1, 474747, 3515, 474493
1641005265, 451, 1745, 1747, 2, 0, 9.02%, 0, 5, 48, 663.03, 946950, 1, 475140, 3516, 474864
1641005270, 451, 1747, 1748, 1, 0, 9.02%, 0, 5, 48, 653.17, 950275, 1, 475447, 3518, 475238
1641005275, 453, 1749, 1750, 1, 0, 9.02%, 0, 5, 48, 662.21, 953824, 1, 477072, 3524, 476642
1641005280, 454, 1750, 1751, 1, 0, 9.02%, 0, 5, 48, 600.76, 956670, 1, 477493, 3526, 477429
1641005286, 456, 1752, 1754, 2, 0, 9.02%, 0, 5, 48, 821.55, 960990, 1, 478498, 3530, 478447
1641005291, 457, 1754, 1755, 1, 0, 9.02%, 0, 5, 48, 749.97, 964572, 1, 479858, 3535, 479730
1641005296, 458, 1755, 1759, 4, 0, 9.02%, 0, 5, 48, 687.03, 968283, 1, 480653, 3537, 480588
1641005301, 458, 1756, 1759, 3, 0, 9.02%, 0, 5, 48, 199.25, 969744, 1, 480718, 3538, 480654
1641005306, 458, 1758, 1761, 3, 0, 9.02%, 0, 5, 48, 1379.72, 973030, 1, 481171, 3540, 480841
1641005311, 458, 1759, 1761, 2, 0, 9.02%, 0, 5, 48, 612.08, 975024, 1, 481400, 3541, 480841
1641005317, 458, 1761, 1762, 1, 0, 9.02%, 0, 5, 48, 668.89, 978153, 1, 481869, 3543, 481691
1641005322, 460, 1758, 1763, 0, 0, 9.02%, 0, 5, 48, 322.38, 981360, 2, 482673, 3546, 482133
1641005327, 460, 1763, 1764, 1, 0, 9.02%, 0, 5, 48, 324.16, 983206, 1, 482890, 3547, 482880
1641005332, 462, 1748, 1764, 0, 0, 9.02%, 0, 5, 48, 641.85, 985457, 2, 485106, 3553, 482880
1641005337, 464, 1765, 1766, 1, 0, 9.02%, 0, 5, 48, 712.01, 989155, 1, 487180, 3559, 486805
1641005347, 466, 1767, 1768, 1, 0, 9.03%, 0, 5, 48, 789.25, 995619, 1, 488963, 3564, 488919
1641005352, 468, 647, 1768, 0, 0, 9.03%, 0, 5, 48, 935.79, 1000231, 2, 493575, 3579, 488919
1641005357, 468, 1768, 1769, 1, 0, 9.03%, 0, 5, 48, 32.04, 1000979, 1, 494010, 3582, 493906
1641005378, 468, 1769, 1770, 1, 0, 9.03%, 0, 5, 48, 130.61, 1003434, 1, 494286, 3583, 494035
1641005388, 468, 1770, 1771, 1, 0, 9.03%, 0, 5, 48, 135.76, 1004702, 1, 494548, 3584, 494304
1641005393, 470, 742, 1771, 0, 0, 9.03%, 0, 5, 48, 378.14, 1006649, 2, 496276, 3590, 494304
1641005399, 471, 1771, 1772, 0, 0, 9.03%, 0, 5, 48, 878.60, 1011748, 2, 499791, 3604, 499224
1641005404, 473, 1571, 1773, 0, 0, 9.03%, 0, 5, 48, 101.01, 1016901, 2, 503363, 3616, 500046
1641005409, 473, 1773, 1774, 1, 0, 9.03%, 0, 5, 48, 1014.76, 1020443, 1, 506736, 3632, 506490
1641005414, 476, 697, 1775, 0, 0, 9.03%, 0, 5, 48, 1022.48, 1025884, 2, 512008, 3653, 507498
1641005419, 476, 1765, 1776, 1, 0, 9.03%, 0, 5, 48, 947.57, 1030614, 2, 516730, 3673, 516705
1641005424, 476, 1775, 1776, 1, 0, 9.03%, 0, 5, 48, 466.15, 1032463, 1, 517002, 3674, 516705
1641005429, 477, 1776, 1778, 2, 1, 9.04%, 0, 5, 48, 462.16, 1034589, 1, 517923, 3676, 517765
1641005434, 477, 1777, 1779, 2, 1, 9.04%, 0, 5, 48, 92.53, 1036468, 1, 518226, 3677, 517974
1641005440, 477, 1778, 1780, 2, 1, 9.04%, 0, 5, 48, 258.98, 1038171, 1, 518515, 3678, 518232
1641005445, 477, 1779, 1780, 1, 1, 9.04%, 0, 5, 48, 277.17, 1039649, 1, 518788, 3679, 518232
1641005455, 478, 1779, 1780, 0, 0, 9.04%, 0, 5, 48, 191.49, 1041191, 2, 519419, 3681, 518232
1641005460, 479, 1780, 1781, 1, 0, 9.04%, 0, 5, 48, 305.49, 1042692, 1, 520166, 3683, 520074
1641005465, 479, 1781, 1782, 1, 0, 9.04%, 0, 5, 48, 327.23, 1044421, 1, 520445, 3684, 520287
1641005470, 480, 1782, 1783, 1, 0, 9.04%, 0, 5, 48, 440.16, 1046440, 1, 520976, 3686, 520865
1641005475, 480, 1782, 1784, 2, 0, 9.04%, 0, 5, 48, 268.40, 1047645, 1, 521102, 3686, 521101
1641005480, 480, 1783, 1784, 1, 0, 9.04%, 0, 5, 48, 248.92, 1048847, 1, 521243, 3687, 521101
1641005486, 482, 782, 1784, 0, 0, 9.04%, 0, 5, 48, 351.46, 1050797, 2, 522668, 3691, 521101
1641005491, 482, 629, 1784, 0, 0, 9.04%, 0, 5, 48, 750.24, 1054754, 2, 526624, 3710, 521101
1641005496, 482, 1768, 1786, 2, 0, 9.04%, 0, 5, 48, 70.80, 1057003, 2, 528859, 3719, 528733
1641005501, 482, 1784, 1786, 2, 0, 9.04%, 0, 5, 48, 91.62, 1057471, 1, 528951, 3720, 528733
1641005521, 482, 1785, 1787, 2, 0, 9.04%, 0, 5, 48, 108.20, 1059581, 1, 529253, 3721, 528983
1641005537, 482, 1786, 1789, 3, 0, 9.04%, 0, 5, 48, 123.68, 1061167, 1, 529540, 3722, 529305
1641005562, 482, 1787, 1792, 5, 1, 9.04%, 0, 5, 48, 92.60, 1063597, 1, 529814, 3723, 529732
1641005577, 482, 1788, 1792, 4, 1, 9.04%, 0, 5, 48, 137.24, 1065431, 1, 530083, 3724, 529732
1641005587, 482, 1789, 1793, 4, 1, 9.04%, 0, 5, 48, 137.50, 1066773, 1, 530355, 3725, 530235
1641005608, 482, 1790, 1795, 5, 1, 9.04%, 0, 5, 49, 82.19, 1068959, 1, 530621, 3726, 530514
1641005628, 482, 1791, 1797, 6, 1, 9.04%, 0, 5, 49, 83.02, 1070456, 1, 530882, 3727, 530643
1641005654, 482, 1792, 1797, 5, 1, 9.04%, 0, 5, 49, 182.59, 1072393, 1, 531263, 3728, 530643
1641005659, 482, 1793, 1797, 4, 1, 9.04%, 0, 5, 49, 140.65, 1073105, 1, 531382, 3729, 530643
1641005679, 482, 1794, 1797, 3, 1, 9.04%, 0, 5, 49, 108.99, 1075300, 1, 531638, 3730, 530643
1641005699, 482, 1795, 1797, 2, 1, 9.04%, 0, 5, 49, 92.14, 1077240, 1, 531899, 3731, 530643
1641005709, 482, 1796, 1800, 4, 1, 9.04%, 0, 5, 50, 88.36, 1078073, 1, 532163, 3732, 532052
1641005745, 482, 1796, 1802, 6, 1, 9.04%, 0, 5, 50, 67.39, 1080311, 1, 532402, 3732, 532207
1641005750, 482, 1798, 1802, 4, 0, 9.04%, 0, 5, 50, 62.81, 1080961, 1, 532668, 3734, 532207
1641005755, 482, 1799, 1802, 3, 0, 9.04%, 0, 5, 50, 110.40, 1081533, 1, 532919, 3735, 532207
1641005760, 482, 1800, 1802, 2, 0, 9.04%, 0, 5, 50, 164.95, 1082408, 1, 533174, 3736, 532207
1641005786, 482, 1800, 1803, 3, 0, 9.04%, 0, 5, 51, 63.12, 1083873, 1, 533245, 3736, 533203
1641005791, 482, 1802, 1804, 2, 0, 9.04%, 0, 5, 51, 297.12, 1084943, 1, 533686, 3738, 533314
1641005796, 482, 1804, 1806, 2, 0, 9.04%, 0, 5, 52, 281.16, 1086302, 1, 534191, 3740, 533761
1641005807, 482, 1805, 1810, 5, 1, 9.04%, 0, 5, 53, 147.96, 1087711, 1, 534443, 3741, 534408
1641005827, 482, 1807, 1812, 5, 0, 9.04%, 0, 5, 53, 1021.58, 1090212, 1, 534943, 3743, 534599
1641005838, 482, 1808, 1812, 4, 0, 9.04%, 0, 5, 53, 199.82, 1091842, 1, 535195, 3744, 534599
1641005843, 482, 1809, 1812, 3, 0, 9.04%, 0, 5, 53, 261.68, 1093187, 1, 535451, 3745, 534599
1641005848, 482, 1810, 1812, 2, 0, 9.04%, 0, 5, 53, 242.51, 1094227, 1, 535711, 3746, 534599
1641005858, 482, 1811, 1813, 2, 1, 9.04%, 0, 5, 54, 220.56, 1096204, 1, 535974, 3747, 535853
1641005879, 483, 1789, 1813, 0, 0, 9.04%, 0, 5, 54, 67.70, 1099061, 2, 536658, 3749, 535853
1641005884, 483, 1791, 1813, 0, 0, 9.04%, 0, 5, 54, 62.34, 1099379, 2, 536976, 3750, 535853
1641005889, 483, 1786, 1813, 0, 0, 9.04%, 0, 5, 54, 90.85, 1099884, 2, 537481, 3752, 535853
1641005894, 483, 1794, 1813, 0, 0, 9.04%, 0, 5, 54, 66.20, 1100186, 2, 537783, 3753, 535853
1641005905, 483, 1792, 1813, 0, 0, 9.04%, 0, 5, 54, 27.92, 1100874, 2, 538471, 3754, 535853
1641005910, 484, 1793, 1814, 0, 0, 9.04%, 0, 5, 54, 78.22, 1101806, 2, 539243, 3756, 538494
1641005915, 484, 1787, 1814, 0, 0, 9.04%, 0, 5, 54, 100.97, 1102305, 2, 539742, 3758, 538494
1641005920, 484, 1801, 1814, 0, 0, 9.04%, 0, 5, 54, 156.09, 1102838, 2, 540275, 3759, 538494
1641005926, 484, 1784, 1814, 0, 0, 9.04%, 0, 5, 54, 50.87, 1104299, 2, 541736, 3762, 538494
1641005931, 484, 1814, 1815, 1, 0, 9.04%, 0, 5, 54, 68.16, 1104666, 1, 541934, 3763, 541801
1641005951, 484, 1814, 1816, 2, 0, 9.04%, 0, 5, 54, 146.08, 1106740, 1, 542125, 3763, 542095
1641005956, 484, 1815, 1816, 1, 0, 9.04%, 0, 5, 54, 89.89, 1107355, 1, 542220, 3764, 542095
1641005972, 484, 1816, 1817, 1, 0, 9.04%, 0, 5, 54, 126.38, 1109182, 1, 542499, 3765, 542463
1641005992, 485, 1817, 1819, 2, 0, 9.04%, 0, 5, 54, 883.49, 1113278, 1, 544523, 3770, 544176
1641005997, 486, 1818, 1819, 0, 0, 9.04%, 0, 5, 54, 527.86, 1115298, 2, 545583, 3772, 544176
1641006002, 487, 1819, 1820, 1, 0, 9.04%, 0, 5, 54, 564.49, 1118765, 1, 547721, 3780, 547456
1641006007, 487, 1821, 1824, 3, 0, 9.04%, 0, 5, 54, 690.57, 1122089, 1, 548291, 3782, 548187
1641006012, 487, 1822, 1824, 2, 0, 9.04%, 0, 5, 54, 527.58, 1124606, 1, 548576, 3783, 548187
1641006018, 487, 1824, 1827, 3, 0, 9.04%, 0, 5, 54, 602.84, 1127988, 1, 549108, 3785, 548865
1641006023, 487, 1826, 1828, 2, 0, 9.04%, 0, 5, 54, 767.08, 1131861, 1, 549603, 3787, 549141
1641006028, 488, 1828, 1829, 1, 0, 9.04%, 0, 5, 54, 659.14, 1134920, 1, 550589, 3791, 550589
1641006033, 489, 1829, 1830, 1, 1, 9.04%, 0, 5, 54, 584.64, 1137399, 1, 551802, 3795, 551782
1641006038, 490, 1827, 1831, 0, 0, 9.04%, 0, 5, 54, 734.41, 1141363, 2, 552727, 3797, 551836
1641006043, 490, 1833, 1835, 2, 0, 9.04%, 0, 5, 54, 942.30, 1146139, 1, 553746, 3801, 553244
1641006048, 490, 1835, 1836, 1, 1, 9.05%, 0, 5, 54, 861.99, 1150482, 1, 554253, 3803, 554198
1641006053, 491, 1833, 1838, 0, 0, 9.05%, 0, 5, 54, 977.23, 1155591, 2, 555919, 3808, 554281
1641006058, 492, 1838, 1839, 1, 0, 9.05%, 0, 5, 54, 654.91, 1158549, 1, 557906, 3815, 557888
1641006063, 493, 1839, 1840, 1, 0, 9.05%, 0, 5, 54, 685.46, 1161350, 1, 559181, 3818, 559000
1641006068, 494, 1840, 1841, 1, 0, 9.05%, 0, 5, 54, 369.72, 1163194, 1, 559996, 3820, 559938
1641006080, 496, 1795, 1841, 0, 0, 9.05%, 0, 5, 54, 550.21, 1167086, 2, 562678, 3827, 559938
1641006085, 496, 1841, 1843, 2, 0, 9.05%, 0, 5, 54, 713.36, 1168740, 1, 564203, 3836, 563985
1641006095, 496, 1842, 1844, 2, 0, 9.05%, 0, 5, 55, 219.01, 1171023, 1, 564503, 3837, 564318
1641006105, 496, 1843, 1846, 3, 0, 9.05%, 0, 5, 56, 409.34, 1174023, 1, 565005, 3838, 564937
1641006110, 496, 1845, 1847, 2, 0, 9.05%, 0, 5, 57, 501.89, 1176756, 1, 565433, 3840, 565154
1641006115, 498, 1809, 1849, 0, 0, 9.05%, 0, 5, 58, 765.67, 1181279, 2, 569395, 3854, 565842
1641006121, 498, 1790, 1849, 0, 0, 9.05%, 0, 5, 58, 171.33, 1183137, 2, 571253, 3859, 565842
1641006126, 498, 780, 1849, 0, 0, 9.05%, 0, 5, 58, 322.50, 1184817, 2, 572933, 3864, 565842
1641006131, 498, 1639, 1849, 0, 0, 9.05%, 0, 5, 58, 118.81, 1188272, 2, 576388, 3877, 565842
1641006136, 498, 1554, 1849, 0, 0, 9.05%, 0, 5, 58, 319.00, 1189529, 2, 577645, 3881, 565842
1641006141, 498, 1799, 1849, 0, 0, 9.05%, 0, 5, 58, 472.03, 1191914, 2, 580029, 3894, 565842
1641006146, 500, 1808, 1850, 0, 0, 9.05%, 0, 5, 58, 808.07, 1195935, 2, 583418, 3914, 580968
1641006151, 503, 1853, 1855, 0, 0, 9.05%, 0, 5, 58, 1157.33, 1201542, 2, 588246, 3934, 586906
1641006156, 506, 1861, 1862, 0, 0, 9.05%, 0, 5, 58, 1389.71, 1209000, 2, 594561, 3953, 593739
1641006161, 507, 148, 1862, 0, 0, 9.05%, 0, 5, 58, 645.90, 1212746, 2, 598307, 3980, 593739
1641006166, 507, 1862, 1864, 2, 0, 9.05%, 0, 5, 58, 411.61, 1214878, 1, 599990, 3988, 599863
1641006172, 507, 1863, 1865, 2, 0, 9.05%, 0, 5, 58, 303.50, 1216232, 1, 600328, 3989, 600144
1641006182, 507, 1865, 1868, 3, 0, 9.05%, 0, 5, 58, 318.81, 1219297, 1, 600998, 3991, 600892
1641006187, 507, 1867, 1868, 1, 0, 9.05%, 0, 5, 58, 230.06, 1220621, 1, 601633, 3993, 600892
1641006192, 507, 1868, 1870, 2, 0, 9.05%, 0, 5, 58, 172.08, 1221463, 1, 601960, 3994, 601831
1641006197, 507, 1869, 1870, 1, 0, 9.05%, 0, 5, 58, 155.53, 1222206, 1, 602280, 3995, 601831
1641006213, 507, 1870, 1872, 2, 0, 9.05%, 0, 5, 59, 153.31, 1224507, 1, 602602, 3996, 602421
1641006223, 507, 1871, 1872, 1, 0, 9.05%, 0, 5, 59, 165.13, 1226057, 1, 602914, 3997, 602421
1641006238, 508, 1866, 1872, 0, 0, 9.05%, 0, 5, 59, 271.33, 1228624, 2, 603935, 3999, 602421
1641006243, 508, 1872, 1873, 1, 1, 9.05%, 0, 5, 59, 383.00, 1230636, 1, 605313, 4002, 604699
1641006248, 509, 1873, 1874, 1, 0, 9.05%, 0, 5, 59, 295.39, 1232203, 1, 606079, 4004, 605520
1641006258, 509, 1874, 1875, 1, 0, 9.05%, 0, 5, 60, 254.81, 1234742, 1, 606377, 4005, 606106
1641006269, 510, 1863, 1875, 0, 0, 9.05%, 0, 5, 60, 303.49, 1237432, 2, 608022, 4008, 606106
1641006274, 511, 1869, 1875, 0, 0, 9.05%, 0, 5, 60, 236.87, 1238636, 2, 609226, 4011, 606106
1641006279, 511, 1878, 1879, 1, 1, 9.07%, 0, 5, 61, 584.83, 1241846, 1, 610385, 4015, 609817
1641006284, 514, 1862, 1882, 0, 0, 9.07%, 0, 5, 63, 726.00, 1245709, 2, 613617, 4025, 611514
1641006289, 514, 1816, 1882, 0, 0, 9.07%, 0, 5, 63, 157.87, 1246632, 2, 614540, 4028, 611514
1641006294, 514, 333, 1882, 0, 0, 9.07%, 0, 5, 63, 971.71, 1249816, 2, 617724, 4051, 611514
1641006299, 514, 1814, 1882, 0, 0, 9.07%, 0, 5, 63, 119.36, 1251769, 2, 619677, 4069, 611514
1641006304, 514, 1845, 1882, 0, 0, 9.07%, 0, 5, 63, 516.55, 1253113, 2, 621019, 4076, 611514
1641006309, 514, 1882, 1883, 1, 1, 9.07%, 0, 5, 63, 566.87, 1255924, 1, 623326, 4091, 623109
1641006314, 514, 1885, 1889, 4, 1, 9.09%, 0, 5, 63, 647.68, 1259253, 1, 624355, 4094, 624274
1641006319, 514, 1887, 1890, 3, 1, 9.09%, 0, 5, 63, 106.69, 1261242, 1, 625009, 4096, 624857
1641006340, 514, 1890, 1892, 2, 1, 9.09%, 0, 5, 63, 116.99, 1264326, 1, 625934, 4099, 625548
1641006355, 514, 1890, 1893, 3, 1, 9.09%, 0, 5, 63, 118.69, 1266035, 1, 625997, 4099, 625968
1641006360, 514, 1892, 1895, 3, 0, 9.09%, 0, 5, 63, 114.31, 1267140, 1, 626529, 4101, 626353
1641006370, 514, 1895, 1899, 4, 1, 9.09%, 0, 5, 63, 115.06, 1269180, 1, 627358, 4104, 627159
1641006386, 514, 1899, 1904, 5, 0, 9.09%, 0, 5, 63, 104.41, 1272091, 1, 628427, 4108, 628106
1641006406, 514, 1902, 1904, 2, 0, 9.09%, 0, 5, 63, 1102.91, 1274819, 1, 629264, 4111, 628106
1641006411, 515, 1891, 1905, 0, 0, 9.09%, 0, 5, 63, 971.00, 1277506, 2, 631575, 4118, 629402
1641006417, 515, 1905, 1906, 1, 0, 9.09%, 0, 5, 63, 109.05, 1278077, 1, 632121, 4120, 631713
1641006422, 516, 1887, 1906, 0, 0, 9.09%, 0, 5, 63, 391.53, 1281672, 2, 633984, 4125, 631713
1641006427, 516, 1901, 1906, 0, 0, 9.09%, 0, 5, 63, 1035.94, 1285267, 2, 637579, 4134, 631713
1641006432, 519, 227, 1907, 0, 0, 9.10%, 0, 5, 63, 926.82, 1289377, 2, 641667, 4144, 638776
1641006437, 522, 1911, 1911, 0, 0, 9.12%, 0, 5, 63, 977.11, 1294174, 2, 645708, 4158, 645116
1641006442, 523, 91, 1911, 0, 0, 9.12%, 0, 5, 63, 975.51, 1299121, 2, 650654, 4209, 645116
1641006447, 524, 952, 1912, 0, 0, 9.12%, 0, 5, 63, 1062.99, 1304766, 2, 656085, 4267, 654183
1641006452, 524, 1789, 1913, 1, 0, 9.12%, 0, 5, 63, 145.31, 1307241, 2, 658552, 4272, 658443
1641006458, 524, 1912, 1914, 2, 0, 9.12%, 0, 5, 63, 103.50, 1307769, 1, 658743, 4273, 658692
1641006473, 524, 1913, 1914, 1, 0, 9.12%, 0, 5, 63, 126.55, 1309706, 1, 659110, 4274, 658692
1641006493, 525, 1914, 1915, 1, 0, 9.12%, 0, 5, 63, 339.86, 1313486, 1, 660008, 4276, 659856
1641006498, 526, 1827, 1915, 0, 0, 9.12%, 0, 5, 63, 546.38, 1316357, 2, 662634, 4281, 659856
1641006503, 526, 1791, 1916, 1, 0, 9.12%, 0, 5, 63, 672.04, 1320078, 2, 666347, 4287, 666321
1641006509, 526, 1915, 1916, 1, 0, 9.12%, 0, 5, 63, 290.67, 1321096, 1, 667142, 4288, 666321
1641006524, 526, 1917, 1919, 2, 0, 9.12%, 0, 5, 63, 229.61, 1323250, 1, 667846, 4290, 667304
1641006539, 526, 1918, 1919, 1, 0, 9.12%, 0, 5, 63, 143.72, 1325363, 1, 668195, 4291, 667304
1641006549, 527, 1919, 1920, 1, 0, 9.12%, 0, 5, 63, 674.06, 1330062, 1, 671908, 4296, 671595
1641006554, 528, 1786, 1920, 0, 0, 9.12%, 0, 5, 63, 439.31, 1332374, 2, 673085, 4298, 671595
1641006560, 528, 1794, 1920, 0, 0, 9.12%, 0, 5, 63, 222.16, 1333208, 2, 673919, 4299, 671595
1641006565, 528, 1920, 1921, 1, 0, 9.12%, 0, 5, 63, 502.32, 1335708, 1, 674846, 4301, 674368
1641006570, 529, 1866, 1921, 0, 0, 9.12%, 0, 5, 63, 657.43, 1338901, 2, 678039, 4311, 674368
1641006575, 530, 1913, 1922, 0, 0, 9.14%, 0, 5, 63, 147.46, 1341209, 2, 680193, 4313, 678879
1641006580, 530, 1922, 1923, 1, 0, 9.14%, 0, 5, 63, 419.72, 1342333, 1, 681076, 4316, 680921
1641006590, 530, 1924, 1925, 1, 0, 9.14%, 0, 5, 63, 247.22, 1344219, 1, 681771, 4318, 681169
1641006595, 531, 1926, 1927, 1, 0, 9.14%, 0, 5, 63, 588.01, 1347163, 1, 683209, 4322, 682565
1641006600, 532, 1500, 1928, 0, 0, 9.14%, 0, 5, 63, 720.98, 1350737, 2, 684900, 4327, 683302
1641006605, 533, 1769, 1929, 0, 0, 9.15%, 0, 5, 63, 641.78, 1354436, 2, 688445, 4339, 685374
1641006610, 533, 1867, 1929, 0, 0, 9.15%, 0, 5, 63, 601.49, 1357705, 2, 691714, 4347, 685374
1641006615, 533, 1922, 1929, 0, 0, 9.15%, 0, 5, 63, 834.32, 1361477, 2, 695484, 4360, 685374
1641006620, 533, 1055, 1929, 0, 0, 9.15%, 0, 5, 63, 888.92, 1365538, 2, 699544, 4370, 685374
1641006625, 534, 1930, 1931, 0, 0, 9.15%, 0, 5, 63, 639.54, 1368636, 2, 702334, 4377, 701447
1641006631, 536, 880, 1934, 1, 0, 9.16%, 0, 5, 63, 789.28, 1372897, 2, 704860, 4385, 704820
1641006636, 537, 1628, 1939, 0, 0, 9.16%, 0, 5, 63, 916.00, 1377992, 2, 709020, 4397, 705690
1641006641, 538, 1793, 1940, 0, 0, 9.16%, 0, 5, 63, 154.25, 1380211, 2, 711084, 4401, 709027
1641006646, 538, 1918, 1940, 0, 0, 9.16%, 0, 5, 63, 299.64, 1381799, 2, 712672, 4405, 709027
1641006651, 539, 926, 1941, 0, 0, 9.16%, 0, 5, 63, 677.81, 1385460, 2, 716164, 4417, 713620
1641006656, 540, 1942, 1945, 3, 0, 9.18%, 0, 5, 63, 763.47, 1389816, 1, 718774, 4424, 718619
1641006661, 540, 1944, 1947, 3, 0, 9.18%, 0, 5, 63, 745.31, 1393796, 1, 719608, 4426, 719297
1641006667, 540, 1946, 1947, 1, 0, 9.18%, 0, 5, 63, 642.21, 1397002, 1, 720077, 4428, 719297
1641006672, 541, 1945, 1948, 0, 0, 9.18%, 0, 5, 63, 209.87, 1399787, 2, 720871, 4430, 720161
1641006677, 541, 1949, 1952, 3, 0, 9.18%, 0, 5, 63, 584.07, 1403340, 1, 721889, 4432, 721803
1641006682, 541, 1951, 1952, 1, 0, 9.18%, 0, 5, 63, 608.70, 1406447, 1, 722592, 4434, 721803
1641006687, 541, 1952, 1953, 1, 0, 9.18%, 0, 5, 63, 45.27, 1409256, 1, 722948, 4435, 722742
1641006692, 541, 1954, 1959, 5, 0, 9.18%, 0, 5, 63, 696.01, 1412797, 1, 723631, 4437, 723320
1641006697, 541, 1955, 1959, 4, 0, 9.18%, 0, 5, 63, 560.23, 1415420, 1, 723952, 4438, 723320
1641006702, 541, 1956, 1959, 3, 0, 9.18%, 0, 5, 63, 532.33, 1418067, 1, 724278, 4439, 723320
1641006707, 541, 1958, 1959, 1, 0, 9.18%, 0, 5, 63, 642.34, 1421538, 1, 724942, 4441, 723320
1641006712, 542, 1427, 1959, 0, 0, 9.18%, 0, 5, 63, 636.88, 1424402, 2, 726580, 4445, 723320
1641006717, 542, 1959, 1961, 2, 2, 9.21%, 0, 5, 63, 780.79, 1428699, 1, 729644, 4456, 729588
1641006722, 542, 1960, 1962, 2, 1, 9.25%, 0, 5, 63, 549.75, 1431325, 1, 730347, 4457, 730181
1641006728, 542, 1962, 1964, 2, 0, 9.25%, 0, 5, 63, 655.31, 1434602, 1, 730754, 4459, 730454
1641006733, 542, 1964, 1965, 1, 1, 9.25%, 0, 5, 63, 622.69, 1437209, 1, 731450, 4461, 731048
1641006738, 543, 1965, 1966, 0, 0, 9.25%, 0, 5, 63, 772.57, 1441532, 2, 732696, 4463, 731590
1641006743, 546, 1250, 1967, 0, 0, 9.25%, 0, 5, 63, 852.93, 1446218, 2, 737227, 4478, 734841
1641006748, 546, 1967, 1968, 1, 0, 9.25%, 0, 5, 63, 968.32, 1451206, 1, 742060, 4492, 741706
1641006753, 551, 1973, 1974, 0, 0, 9.25%, 0, 5, 63, 1069.99, 1456666, 2, 746591, 4503, 745555
1641006758, 554, 1618, 1975, 0, 0, 9.25%, 0, 5, 63, 695.64, 1461609, 2, 751378, 4519, 747821
1641006764, 556, 941, 1977, 0, 0, 9.25%, 0, 5, 63, 943.50, 1466897, 2, 756343, 4532, 754853
1641006769, 556, 1257, 1977, 0, 0, 9.25%, 0, 5, 63, 960.55, 1471792, 2, 761237, 4547, 754853
1641006774, 556, 1980, 1986, 6, 1, 9.56%, 0, 5, 63, 1049.59, 1477247, 1, 766035, 4560, 765922
1641006779, 556, 1990, 2005, 15, 3, 9.59%, 0, 5, 63, 975.85, 1482051, 1, 769327, 4570, 769083
1641006784, 556, 1998, 2016, 18, 4, 9.63%, 0, 5, 63, 161.22, 1486251, 1, 772066, 4578, 772058
1641006789, 556, 2009, 2021, 12, 5, 9.64%, 0, 5, 63, 995.02, 1491475, 1, 775567, 4589, 774876
1641006794, 556, 2015, 2029, 14, 5, 9.65%, 0, 5, 63, 406.27, 1494435, 1, 777571, 4595, 777249
1641006799, 556, 2020, 2034, 14, 4, 9.65%, 0, 5, 63, 533.97, 1497616, 1, 779052, 4600, 778925
1641006804, 556, 2026, 2040, 14, 4, 9.68%, 0, 5, 63, 138.83, 1500479, 1, 780945, 4606, 780924
1641006810, 556, 2033, 2043, 10, 2, 9.68%, 0, 5, 63, 723.35, 1503740, 1, 782829, 4613, 782478
1641006815, 556, 2038, 2047, 9, 2, 9.70%, 0, 5, 63, 1130.09, 1506720, 1, 784335, 4618, 783966
1641006820, 556, 2043, 2049, 6, 3, 9.70%, 0, 5, 63, 853.57, 1509757, 1, 785869, 4623, 785534
1641006825, 556, 2046, 2056, 10, 1, 9.70%, 0, 5, 63, 703.50, 1512709, 1, 787059, 4626, 787020
1641006830, 556, 2049, 2058, 9, 3, 9.70%, 0, 5, 63, 148.31, 1514384, 1, 787721, 4629, 787477
1641006835, 556, 2050, 2062, 12, 3, 9.70%, 0, 5, 63, 424.45, 1516198, 1, 788023, 4630, 787905
1641006840, 556, 2053, 2067, 14, 4, 9.70%, 0, 5, 63, 588.17, 1519738, 1, 788918, 4633, 788891
1641006845, 556, 2056, 2069, 13, 2, 9.70%, 0, 5, 63, 148.93, 1522188, 1, 789963, 4636, 789060
1641006850, 556, 2058, 2070, 12, 1, 9.70%, 0, 5, 63, 224.77, 1523745, 1, 790429, 4638, 790401
1641006855, 556, 2060, 2071, 11, 1, 9.70%, 0, 5, 63, 442.70, 1526320, 1, 791039, 4640, 790716
1641006860, 556, 2061, 2072, 11, 1, 9.70%, 0, 5, 63, 233.53, 1527515, 1, 791351, 4641, 791088
1641006866, 556, 2062, 2075, 13, 1, 9.70%, 0, 5, 63, 269.08, 1528811, 1, 791651, 4642, 791412
1641006871, 556, 2063, 2076, 13, 1, 9.70%, 0, 5, 63, 509.09, 1530697, 1, 791940, 4643, 791670
1641006876, 556, 2065, 2078, 13, 0, 9.70%, 0, 5, 63, 463.70, 1532863, 1, 792491, 4645, 792122
1641006881, 556, 2067, 2078, 11, 0, 9.70%, 0, 5, 63, 610.84, 1536165, 1, 793061, 4647, 792122
1641006886, 556, 2069, 2083, 14, 0, 9.70%, 0, 5, 63, 583.07, 1538243, 1, 793932, 4649, 793868
1641006891, 556, 2071, 2085, 14, 1, 9.70%, 0, 5, 63, 387.93, 1540382, 1, 794254, 4651, 794007
1641006896, 556, 2072, 2085, 13, 1, 9.70%, 0, 5, 63, 43.24, 1541435, 1, 794541, 4652, 794007
1641006901, 556, 2073, 2086, 13, 1, 9.70%, 0, 5, 63, 198.02, 1542623, 1, 794834, 4653, 794710
1641006912, 556, 2074, 2086, 12, 1, 9.70%, 0, 5, 63, 223.36, 1544939, 1, 795124, 4654, 794710
1641006917, 556, 2075, 2086, 11, 1, 9.70%, 0, 5, 63, 376.32, 1546857, 1, 795687, 4655, 794710
1641006922, 556, 2078, 2088, 10, 1, 9.70%, 0, 5, 63, 540.60, 1550055, 1, 796408, 4658, 796383
1641006927, 556, 2082, 2091, 9, 1, 9.70%, 0, 5, 63, 348.11, 1551917, 1, 797629, 4662, 796750
1641006932, 556, 2085, 2091, 6, 0, 9.70%, 0, 5, 63, 100.00, 1555276, 1, 798431, 4665, 796750
1641006937, 556, 2086, 2092, 6, 0, 9.70%, 0, 5, 63, 226.08, 1556454, 1, 798748, 4666, 798679
1641006942, 556, 2090, 2094, 4, 0, 9.70%, 0, 5, 63, 58.18, 1559392, 1, 800032, 4670, 799725
1641006947, 556, 2091, 2096, 5, 1, 9.71%, 0, 5, 63, 263.85, 1560684, 1, 800342, 4671, 800224
1641006953, 556, 2094, 2097, 3, 1, 9.71%, 0, 5, 63, 396.42, 1562486, 1, 801456, 4674, 801032
1641006958, 557, 2078, 2102, 0, 0, 9.71%, 0, 5, 63, 636.98, 1566165, 2, 803970, 4683, 802507
1641006963, 557, 2105, 2111, 6, 0, 9.71%, 0, 5, 63, 273.84, 1568125, 1, 805201, 4687, 804955
1641006968, 557, 2111, 2119, 8, 0, 9.71%, 0, 5, 63, 471.66, 1570760, 1, 806824, 4693, 806704
1641006973, 557, 2117, 2121, 4, 0, 9.71%, 0, 5, 63, 59.52, 1573424, 1, 808549, 4699, 808220
1641006978, 558, 2068, 2121, 0, 0, 9.71%, 0, 5, 63, 586.84, 1576502, 2, 811180, 4707, 808220
1641006983, 559, 2121, 2123, 1, 0, 9.71%, 0, 5, 63, 455.41, 1578668, 2, 813169, 4711, 812931
1641006988, 560, 2094, 2123, 0, 0, 9.71%, 0, 5, 63, 476.10, 1580693, 2, 815033, 4716, 812931
1641006993, 560, 2124, 2125, 1, 0, 9.71%, 0, 5, 63, 655.89, 1584006, 1, 818036, 4723, 817638
1641006998, 563, 2028, 2127, 0, 0, 9.71%, 0, 5, 63, 747.09, 1588017, 2, 821724, 4733, 819297
1641007003, 563, 2129, 2154, 25, 7, 10.07%, 0, 5, 63, 819.48, 1591143, 1, 824173, 4739, 824124
1641007009, 563, 2137, 2188, 51, 11, 10.09%, 0, 5, 63, 849.39, 1595496, 1, 826984, 4747, 826935
1641007014, 563, 2148, 2216, 68, 10, 10.14%, 0, 5, 63, 1031.75, 1600814, 1, 830449, 4758, 830355
1641007019, 563, 2159, 2234, 75, 13, 10.15%, 0, 5, 63, 978.31, 1605709, 1, 833618, 4769, 833328
1641007024, 563, 2166, 2243, 77, 14, 10.16%, 0, 5, 63, 860.46, 1609603, 1, 835537, 4776, 835485
1641007029, 563, 2178, 2257, 79, 15, 10.17%, 0, 5, 63, 965.54, 1614751, 1, 838780, 4788, 837888
1641007034, 563, 2185, 2269, 84, 15, 10.17%, 0, 5, 63, 880.23, 1618802, 1, 840714, 4795, 840369
1641007039, 563, 2194, 2280, 86, 17, 10.18%, 0, 5, 63, 906.82, 1623200, 1, 843313, 4804, 843233
1641007044, 563, 2208, 2291, 83, 17, 10.20%, 0, 5, 63, 1070.70, 1628848, 1, 846829, 4818, 846812
1641007049, 563, 2221, 2298, 77, 19, 10.21%, 0, 5, 63, 1089.96, 1634326, 1, 850379, 4831, 849177
1641007054, 563, 2224, 2303, 79, 19, 10.21%, 0, 5, 63, 606.69, 1637002, 1, 851229, 4834, 851180
1641007059, 563, 2233, 2314, 81, 19, 10.21%, 0, 5, 63, 911.72, 1641603, 1, 854082, 4843, 853967
1641007064, 563, 2244, 2323, 79, 19, 10.22%, 0, 5, 63, 963.85, 1646425, 1, 856950, 4854, 856935
1641007069, 563, 2250, 2331, 81, 19, 10.22%, 0, 5, 63, 822.22, 1650458, 1, 858926, 4860, 857878
1641007075, 563, 2260, 2336, 76, 19, 10.24%, 0, 5, 63, 849.34, 1654995, 1, 861753, 4870, 861258
1641007080, 563, 2262, 2336, 74, 19, 10.24%, 0, 5, 63, 676.95, 1658200, 1, 862365, 4872, 861258
1641007085, 563, 2267, 2343, 76, 19, 10.24%, 0, 5, 63, 822.25, 1662183, 1, 864137, 4877, 864008
1641007090, 563, 2280, 2347, 67, 19, 10.24%, 0, 5, 63, 1036.48, 1667785, 1, 867882, 4890, 867480
1641007095, 563, 2291, 2356, 65, 17, 10.24%, 0, 5, 63, 1077.96, 1673324, 1, 871608, 4901, 871492
1641007100, 563, 2303, 2364, 61, 14, 10.24%, 0, 5, 63, 993.59, 1678527, 1, 874993, 4913, 874449
1641007110, 563, 2313, 2372, 59, 15, 10.24%, 0, 5, 63, 838.60, 1684885, 1, 877945, 4923, 877853
1641007115, 563, 2320, 2380, 60, 16, 10.24%, 0, 5, 63, 762.78, 1688962, 1, 880107, 4930, 879904
1641007120, 563, 2331, 2388, 57, 16, 10.24%, 0, 5, 63, 944.97, 1693928, 1, 883384, 4941, 883199
1641007125, 563, 2342, 2390, 48, 13, 10.24%, 0, 5, 63, 1025.48, 1699269, 1, 886656, 4952, 884821
1641007130, 563, 2354, 2397, 43, 11, 10.38%, 0, 5, 63, 1082.25, 1704674, 1, 890234, 4964, 888814
1641007135, 563, 2361, 2399, 38, 12, 10.38%, 0, 5, 63, 819.75, 1708685, 1, 892442, 4971, 890412
1641007140, 563, 2368, 2404, 36, 11, 10.38%, 0, 5, 63, 844.69, 1712979, 1, 895056, 4978, 894270
1641007146, 563, 2377, 2413, 36, 10, 10.38%, 0, 5, 63, 844.80, 1717445, 1, 897560, 4987, 897342
1641007151, 563, 2383, 2416, 33, 9, 10.38%, 0, 5, 63, 843.00, 1721109, 1, 899442, 4993, 899351
1641007156, 563, 2395, 2421, 26, 7, 10.40%, 0, 5, 63, 979.71, 1726326, 1, 902830, 5005, 901816
1641007161, 563, 2402, 2430, 28, 6, 10.40%, 0, 5, 63, 748.31, 1730264, 1, 905014, 5012, 904998
1641007166, 563, 2410, 2443, 33, 7, 10.40%, 0, 5, 63, 812.09, 1734585, 1, 907465, 5020, 907168
1641007171, 563, 2416, 2446, 30, 5, 10.40%, 0, 5, 63, 799.16, 1738341, 1, 909592, 5026, 909014
1641007176, 563, 2425, 2449, 24, 1, 10.40%, 0, 5, 63, 748.67, 1742477, 1, 912164, 5035, 912074
1641007186, 563, 2430, 2453, 23, 1, 10.40%, 0, 5, 63, 544.73, 1747170, 1, 913745, 5040, 913664
1641007191, 563, 2437, 2458, 21, 0, 10.40%, 0, 5, 63, 743.59, 1750921, 1, 915954, 5047, 915382
1641007196, 563, 2445, 2467, 22, 2, 10.40%, 0, 5, 63, 824.56, 1755297, 1, 918388, 5055, 916959
1641007201, 563, 2450, 2470, 20, 4, 10.51%, 0, 5, 63, 638.50, 1758415, 1, 919987, 5060, 919303
1641007207, 563, 2458, 2475, 17, 5, 10.51%, 0, 5, 63, 853.22, 1762768, 1, 922630, 5068, 921949
1641007212, 563, 2469, 2482, 13, 4, 10.51%, 0, 5, 63, 936.27, 1767750, 1, 925847, 5079, 925724
1641007217, 563, 2477, 2487, 10, 2, 10.51%, 0, 5, 63, 906.17, 1771593, 1, 928266, 5087, 927283
1641007222, 563, 2487, 2502, 15, 4, 10.52%, 0, 5, 63, 934.68, 1776431, 1, 931415, 5097, 931269
1641007227, 563, 2498, 2513, 15, 2, 10.52%, 0, 5, 63, 964.05, 1781344, 1, 934564, 5108, 934367
1641007232, 563, 2510, 2523, 13, 0, 10.52%, 0, 5, 63, 988.50, 1786553, 1, 937896, 5120, 937054
1641007237, 563, 2521, 2529, 8, 0, 10.52%, 0, 5, 63, 999.04, 1791638, 1, 941302, 5131, 940996
1641007242, 563, 2531, 2535, 4, 0, 10.52%, 0, 5, 63, 980.26, 1796542, 1, 944553, 5141, 943681
1641007247, 564, 2408, 2540, 0, 0, 10.52%, 0, 5, 63, 897.93, 1800799, 2, 947487, 5151, 946477
1641007252, 566, 2326, 2543, 0, 0, 10.52%, 0, 5, 63, 937.38, 1805483, 2, 951700, 5162, 949870
1641007258, 568, 2156, 2545, 0, 0, 10.52%, 0, 5, 63, 945.23, 1810433, 2, 956328, 5175, 955398
1641007263, 569, 2550, 2551, 1, 0, 10.54%, 0, 5, 63, 997.99, 1815441, 1, 960479, 5188, 960048
1641007268, 572, 2314, 2554, 0, 0, 10.54%, 0, 5, 63, 939.51, 1819964, 2, 964356, 5197, 963495
1641007273, 573, 2269, 2555, 0, 0, 10.54%, 0, 5, 63, 903.23, 1824428, 2, 968646, 5206, 967488
1641007278, 573, 2506, 2555, 0, 0, 10.54%, 0, 5, 63, 948.73, 1829188, 2, 973406, 5219, 967488
1641007283, 574, 2486, 2560, 1, 0, 10.55%, 0, 5, 63, 920.83, 1833466, 2, 977058, 5227, 976949
1641007288, 576, 2489, 2562, 0, 0, 10.55%, 0, 5, 63, 953.56, 1838289, 2, 981427, 5237, 979862
1641007293, 579, 1981, 2565, 0, 0, 10.55%, 0, 5, 63, 866.31, 1842656, 2, 985290, 5247, 984503
1641007298, 579, 2566, 2568, 2, 2, 10.60%, 0, 5, 63, 858.61, 1847026, 1, 989344, 5256, 989134
1641007303, 580, 2572, 2574, 2, 1, 10.61%, 0, 5, 63, 817.93, 1851149, 1, 992457, 5264, 991766
1641007308, 580, 2577, 2580, 3, 0, 10.61%, 0, 5, 63, 469.46, 1853552, 1, 994027, 5269, 993885
1641007314, 582, 2583, 2586, 3, 0, 10.61%, 0, 5, 63, 727.89, 1857732, 1, 997177, 5277, 997106
1641007319, 584, 2583, 2587, 0, 0, 10.61%, 0, 5, 63, 140.97, 1861892, 2, 1000827, 5287, 997887
1641007324, 585, 2435, 2587, 0, 0, 10.61%, 0, 5, 63, 940.65, 1866148, 2, 1005083, 5298, 997887
1641007329, 587, 2590, 2591, 1, 0, 10.61%, 0, 5, 63, 905.66, 1870906, 1, 1009188, 5308, 1008685
1641007334, 590, 2493, 2592, 0, 0, 10.61%, 0, 5, 63, 959.90, 1875842, 2, 1013970, 5320, 1010799
1641007339, 590, 2500, 2592, 0, 0, 10.61%, 0, 5, 63, 973.74, 1880457, 2, 1018584, 5330, 1010799
1641007344, 591, 2592, 2593, 0, 0, 10.61%, 0, 5, 63, 964.68, 1885308, 2, 1023280, 5340, 1022458
1641007349, 592, 2595, 2600, 5, 0, 10.61%, 0, 5, 63, 927.53, 1889854, 1, 1027332, 5348, 1026610
1641007354, 592, 2603, 2611, 8, 0, 10.61%, 0, 5, 63, 754.23, 1894415, 1, 1030632, 5356, 1030572
1641007359, 592, 2612, 2613, 1, 0, 10.61%, 0, 5, 63, 886.09, 1898941, 1, 1033813, 5365, 1031952
1641007365, 593, 2619, 2621, 2, 0, 10.61%, 0, 5, 63, 927.83, 1903827, 1, 1037586, 5374, 1037260
1641007370, 593, 2628, 2632, 4, 0, 10.61%, 0, 5, 66, 912.99, 1908375, 1, 1040717, 5383, 1040373
1641007375, 594, 2621, 2638, 0, 0, 10.61%, 0, 5, 67, 937.96, 1913098, 2, 1044073, 5393, 1042691
1641007380, 596, 2635, 2641, 0, 0, 10.61%, 0, 5, 68, 963.75, 1917943, 2, 1048417, 5404, 1046344
1641007385, 597, 2644, 2648, 4, 0, 10.61%, 0, 5, 71, 895.83, 1922335, 1, 1052169, 5412, 1051684
1641007390, 599, 2595, 2649, 0, 0, 10.61%, 0, 5, 72, 926.14, 1926789, 2, 1056029, 5421, 1052325
1641007395, 599, 2650, 2651, 1, 0, 10.61%, 0, 5, 72, 962.66, 1931706, 1, 1060632, 5430, 1059599
1641007400, 603, 2653, 2654, 0, 0, 10.61%, 0, 5, 72, 970.30, 1936583, 2, 1065038, 5438, 1063323
1641007405, 604, 2108, 2654, 0, 0, 10.61%, 0, 5, 72, 933.66, 1941162, 2, 1069616, 5449, 1063323
1641007410, 604, 2146, 2654, 0, 0, 10.61%, 0, 5, 72, 942.88, 1945593, 2, 1074047, 5460, 1063323
1641007416, 604, 2553, 2654, 0, 0, 10.61%, 0, 5, 72, 1034.90, 1951136, 2, 1079590, 5472, 1063323
1641007421, 604, 2654, 2655, 1, 1, 10.62%, 0, 5, 72, 1017.58, 1956150, 1, 1084451, 5483, 1083714
1641007426, 605, 1787, 2658, 0, 0, 10.62%, 0, 5, 72, 356.24, 1959796, 2, 1087613, 5490, 1085349
1641007431, 605, 2631, 2658, 0, 0, 10.62%, 0, 5, 72, 556.50, 1962089, 2, 1089906, 5494, 1085349
1641007436, 605, 2114, 2658, 0, 0, 10.62%, 0, 5, 72, 979.75, 1966840, 2, 1094657, 5504, 1085349
1641007441, 607, 1381, 2659, 0, 0, 10.62%, 0, 5, 72, 1004.73, 1971836, 2, 1099499, 5514, 1096933
1641007446, 607, 2284, 2659, 0, 0, 10.62%, 0, 5, 72, 933.71, 1976430, 2, 1104093, 5526, 1096933
1641007451, 607, 2659, 2660, 1, 0, 10.62%, 0, 5, 72, 908.13, 1980610, 1, 1108118, 5533, 1107249
1641007456, 609, 2660, 2661, 0, 0, 10.62%, 0, 5, 72, 302.14, 1982578, 2, 1109857, 5536, 1108321
1641007462, 610, 2661, 2662, 1, 0, 10.62%, 0, 5, 72, 743.11, 1986968, 1, 1114092, 5543, 1113191
1641007467, 611, 2106, 2662, 0, 0, 10.62%, 0, 5, 72, 791.23, 1991136, 2, 1118260, 5555, 1113191
1641007472, 611, 2661, 2663, 1, 0, 10.62%, 0, 5, 72, 947.34, 1996049, 2, 1123165, 5565, 1123013
1641007477, 612, 2665, 2670, 0, 0, 10.62%, 0, 5, 72, 946.33, 2000977, 2, 1126861, 5574, 1126173
1641007482, 614, 2675, 2676, 1, 0, 10.62%, 0, 5, 72, 955.06, 2005834, 1, 1130773, 5583, 1129666
1641007487, 616, 2672, 2680, 0, 0, 10.62%, 0, 5, 72, 949.33, 2010704, 2, 1135027, 5591, 1133106
1641007492, 618, 2663, 2682, 1, 0, 10.62%, 0, 5, 72, 881.53, 2015072, 2, 1139231, 5600, 1139078
1641007497, 621, 2685, 2686, 1, 0, 10.62%, 0, 5, 72, 979.28, 2020312, 1, 1143689, 5610, 1143409
1641007502, 624, 1575, 2687, 0, 0, 10.62%, 0, 5, 72, 963.18, 2025163, 2, 1148371, 5623, 1146507
1641007507, 624, 2451, 2687, 0, 0, 10.62%, 0, 5, 72, 992.39, 2030303, 2, 1153511, 5637, 1146507
1641007512, 624, 2688, 2689, 1, 1, 10.63%, 0, 5, 72, 863.72, 2034614, 1, 1157428, 5648, 1157173
1641007518, 625, 2691, 2695, 0, 0, 10.63%, 0, 5, 72, 879.76, 2039136, 2, 1161023, 5655, 1159566
1641007523, 627, 2657, 2699, 0, 0, 10.63%, 0, 5, 72, 852.34, 2043328, 2, 1164598, 5665, 1162460
1641007528, 628, 1394, 2700, 0, 0, 10.63%, 0, 5, 72, 193.32, 2047759, 2, 1168875, 5674, 1164953
1641007533, 630, 1972, 2703, 0, 0, 10.64%, 0, 5, 72, 1041.20, 2053083, 2, 1173737, 5686, 1171715
1641007538, 633, 2706, 2707, 0, 0, 10.64%, 0, 5, 72, 1065.25, 2058627, 2, 1178664, 5695, 1177703
1641007543, 636, 2399, 2710, 0, 0, 10.64%, 0, 5, 72, 1036.04, 2063937, 2, 1183511, 5707, 1179825
1641007548, 636, 2712, 2713, 1, 0, 10.64%, 0, 5, 72, 982.01, 2069023, 1, 1188133, 5721, 1187310
1641007553, 638, 2619, 2714, 0, 0, 10.64%, 0, 5, 72, 938.65, 2073703, 2, 1192659, 5729, 1190420
1641007558, 638, 1526, 2714, 0, 0, 10.64%, 0, 5, 72, 879.81, 2077970, 2, 1196926, 5739, 1190420
1641007563, 639, 1606, 2715, 0, 0, 10.64%, 0, 5, 72, 993.02, 2082622, 2, 1201424, 5749, 1197878
1641007569, 639, 2702, 2715, 0, 0, 10.64%, 0, 5, 72, 832.99, 2086496, 2, 1205298, 5755, 1197878
1641007574, 640, 1912, 2717, 0, 0, 10.64%, 0, 5, 72, 196.08, 2091745, 2, 1210239, 5766, 1208093
1641007579, 640, 1497, 2717, 0, 0, 10.64%, 0, 5, 72, 557.55, 2094337, 2, 1212830, 5771, 1208093
1641007584, 640, 1574, 2717, 0, 0, 10.64%, 0, 5, 72, 827.97, 2098929, 2, 1217422, 5780, 1208093
1641007589, 640, 949, 2717, 0, 0, 10.64%, 0, 5, 72, 922.28, 2103692, 2, 1222184, 5789, 1208093
1641007594, 641, 2718, 2721, 3, 0, 10.64%, 0, 5, 72, 927.89, 2108024, 1, 1226176, 5794, 1225699
1641007599, 642, 2722, 2723, 1, 0, 10.64%, 0, 5, 72, 858.57, 2112253, 1, 1229775, 5800, 1229457
1641007604, 643, 2323, 2724, 1, 0, 10.64%, 0, 5, 72, 878.59, 2116573, 2, 1234087, 5809, 1229457
1641007610, 645, 2129, 2724, 0, 0, 10.64%, 0, 5, 72, 985.39, 2121807, 2, 1239174, 5818, 1234088
1641007615, 645, 2715, 2724, 0, 0, 10.64%, 0, 5, 72, 1013.80, 2127056, 2, 1244423, 5830, 1234088
1641007620, 646, 2726, 2729, 3, 0, 10.64%, 0, 5, 72, 747.86, 2130593, 1, 1247330, 5836, 1247297
1641007625, 646, 2732, 2734, 2, 1, 10.64%, 0, 5, 72, 813.41, 2134635, 1, 1250191, 5842, 1248763
1641007630, 649, 382, 2736, 0, 0, 10.64%, 0, 5, 72, 953.45, 2139483, 2, 1254505, 5852, 1252256
1641007635, 650, 2588, 2737, 0, 0, 10.64%, 0, 5, 72, 966.04, 2144491, 2, 1259358, 5865, 1258661
1641007640, 651, 397, 2738, 0, 0, 10.64%, 0, 5, 72, 993.28, 2149510, 2, 1264223, 5875, 1261979
1641007645, 651, 2739, 2740, 1, 0, 10.65%, 0, 5, 72, 1068.70, 2155004, 1, 1269409, 5887, 1269005
1641007650, 655, 883, 2743, 0, 0, 10.65%, 0, 5, 72, 1003.26, 2159944, 2, 1273882, 5895, 1272373
1641007656, 655, 2743, 2745, 2, 0, 10.66%, 0, 5, 72, 912.18, 2164712, 1, 1278472, 5905, 1278221
1641007661, 656, 2393, 2747, 2, 0, 10.66%, 0, 5, 72, 844.08, 2168949, 2, 1282544, 5915, 1282270
1641007666, 656, 2750, 2752, 2, 1, 10.68%, 0, 5, 72, 589.64, 2172284, 1, 1284988, 5921, 1284881
1641007671, 656, 2756, 2764, 8, 4, 10.77%, 0, 5, 72, 691.48, 2176109, 1, 1287820, 5927, 1287536
1641007676, 656, 2766, 2775, 10, 1, 10.82%, 0, 5, 72, 917.98, 2181145, 1, 1291525, 5937, 1290983
1641007681, 656, 2772, 2779, 8, 1, 10.82%, 0, 5, 72, 844.45, 2184888, 1, 1294285, 5943, 1294070
1641007686, 656, 2780, 2787, 8, 2, 10.82%, 0, 5, 72, 937.53, 2189462, 1, 1297619, 5951, 1297612
1641007692, 656, 2788, 2792, 5, 1, 10.82%, 0, 5, 72, 851.63, 2193860, 1, 1300943, 5959, 1300907
1641093902, 657, 2762, 2794, 2, 0, 10.82%, 0, 5, 72, 0.00, 2196712, 1, 1303048, 31848719, 1301919
