# unix_time, cycles_done, cur_path, paths_total, pending_total, pending_favs, map_size, unique_crashes, unique_hangs, max_depth, execs_per_sec, total_execs, state, total_fuzz, total_select, total_energy_used
1640539921, 0, 0, 1, 1, 1, 2.77%, 0, 0, 1, 888.89, 8, 0, 0, 0, 1
1640539926, 0, 26, 139, 113, 46, 4.30%, 0, 0, 3, 205.17, 6271, 1, 1424, 26, 1405
1640539931, 0, 58, 155, 97, 47, 4.33%, 0, 0, 3, 1198.05, 12088, 1, 1937, 58, 1860
1640539936, 0, 93, 169, 76, 39, 4.43%, 0, 0, 3, 1254.96, 18769, 1, 2496, 93, 2481
1640539941, 0, 124, 181, 57, 27, 4.52%, 0, 0, 3, 223.88, 24490, 1, 2999, 124, 2998
1640539946, 0, 153, 184, 31, 17, 4.54%, 0, 0, 4, 750.93, 29118, 1, 3525, 153, 3522
1640539951, 0, 180, 196, 16, 6, 4.55%, 0, 0, 4, 964.69, 34127, 1, 4014, 180, 3988
1640539956, 0, 194, 204, 11, 5, 4.59%, 0, 0, 5, 1060.00, 36382, 1, 4244, 194, 4230
1640539961, 0, 213, 215, 3, 1, 4.63%, 0, 0, 8, 907.57, 39972, 1, 4577, 213, 4565
1640539967, 6, 227, 228, 1, 1, 4.71%, 0, 0, 11, 1242.02, 43137, 1, 5176, 244, 5162
1640539972, 15, 242, 243, 1, 0, 4.78%, 0, 1, 11, 1319.40, 46449, 1, 6199, 288, 6189
1640539977, 23, 256, 257, 1, 1, 4.83%, 0, 1, 11, 1305.00, 50022, 1, 7348, 330, 7318
1640539982, 32, 272, 274, 2, 1, 4.93%, 0, 1, 12, 902.26, 53922, 1, 8659, 380, 8648
1640539987, 47, 263, 297, 0, 0, 4.97%, 0, 1, 17, 1104.58, 59981, 2, 10854, 440, 10502
1640539992, 66, 322, 323, 1, 0, 5.04%, 0, 1, 17, 1206.64, 66259, 1, 13284, 502, 13269
1640539997, 74, 337, 338, 1, 1, 5.14%, 0, 1, 17, 836.40, 70328, 1, 14898, 545, 14826
1640540002, 87, 350, 351, 1, 0, 5.27%, 0, 1, 17, 1077.25, 74708, 1, 17125, 592, 17079
1640540008, 101, 82, 368, 0, 0, 5.31%, 0, 1, 17, 1223.99, 80293, 2, 19895, 643, 19336
1640540013, 110, 375, 382, 7, 4, 5.58%, 0, 1, 17, 1127.26, 85738, 1, 23976, 717, 23956
1640540018, 112, 386, 389, 0, 0, 5.59%, 0, 1, 17, 831.24, 89159, 2, 25034, 733, 24855
1640540023, 122, 398, 399, 1, 0, 5.63%, 0, 1, 17, 151.64, 94440, 1, 28730, 797, 28630
1640540028, 126, 413, 416, 3, 2, 5.75%, 0, 1, 17, 1199.92, 98989, 1, 30667, 839, 30631
1640540033, 135, 377, 428, 0, 0, 5.80%, 0, 1, 17, 1058.89, 103920, 2, 33266, 891, 32960
1640540038, 139, 440, 442, 2, 1, 5.89%, 0, 1, 17, 1050.16, 109277, 1, 36445, 925, 36438
1640540043, 149, 450, 451, 1, 1, 5.92%, 0, 1, 17, 1165.60, 114011, 1, 39563, 960, 39505
1640540048, 156, 460, 462, 2, 2, 5.97%, 0, 1, 17, 898.89, 118376, 1, 42288, 990, 42124
1640540054, 163, 473, 474, 1, 0, 5.99%, 0, 1, 17, 1044.98, 123604, 1, 45459, 1023, 45427
1640540059, 169, 486, 488, 2, 1, 6.04%, 0, 1, 17, 1147.86, 128003, 1, 47661, 1054, 47614
1640540064, 172, 503, 504, 1, 1, 6.20%, 0, 2, 17, 135.05, 132708, 1, 49631, 1075, 49527
1640540069, 174, 508, 509, 1, 1, 6.26%, 0, 3, 17, 101.24, 135442, 1, 51590, 1091, 51385
1640540074, 181, 510, 515, 0, 0, 6.28%, 0, 3, 17, 794.04, 139737, 2, 54907, 1120, 54273
1640540079, 187, 530, 533, 3, 0, 6.30%, 0, 3, 17, 1123.18, 145691, 1, 58514, 1151, 58485
1640540084, 192, 546, 547, 1, 1, 6.37%, 0, 3, 17, 1198.11, 151842, 1, 62149, 1192, 61962
1640540089, 207, 557, 559, 2, 0, 6.44%, 0, 3, 17, 1187.26, 157729, 1, 66092, 1228, 65962
1640540094, 216, 565, 566, 1, 1, 6.46%, 0, 3, 17, 1044.05, 163136, 1, 70047, 1265, 69937
1640540099, 226, 574, 576, 0, 0, 6.47%, 0, 3, 17, 1131.06, 168651, 2, 73992, 1299, 73753
1640540104, 230, 581, 582, 1, 1, 6.54%, 0, 3, 17, 670.51, 172479, 1, 76912, 1324, 76653
1640540109, 237, 591, 593, 1, 0, 6.58%, 0, 3, 17, 779.34, 176859, 2, 79717, 1343, 79593
1640540115, 244, 598, 601, 3, 3, 6.70%, 0, 3, 17, 915.74, 181045, 1, 82920, 1369, 82916
1640540120, 253, 602, 608, 0, 0, 6.75%, 0, 3, 17, 1190.81, 187565, 2, 87941, 1407, 86823
1640540125, 261, 171, 614, 0, 0, 6.78%, 0, 3, 17, 1242.39, 193856, 2, 93291, 1446, 92688
1640540130, 269, 620, 623, 1, 0, 6.79%, 0, 3, 17, 1285.13, 200576, 2, 98784, 1489, 98769
1640540135, 276, 630, 631, 1, 0, 6.79%, 0, 3, 17, 993.01, 206052, 1, 102736, 1514, 102624
1640540140, 281, 76, 634, 0, 0, 6.80%, 0, 3, 17, 1219.83, 212244, 2, 108425, 1553, 106973
1640540145, 285, 640, 643, 0, 0, 6.80%, 0, 3, 17, 1316.14, 218955, 2, 113684, 1584, 113055
1640540150, 289, 652, 653, 0, 0, 6.86%, 0, 3, 17, 1334.85, 225927, 2, 119064, 1617, 117455
1640540155, 293, 152, 656, 1, 0, 6.86%, 0, 3, 17, 826.99, 232064, 2, 124763, 1668, 124462
1640540161, 297, 660, 666, 6, 4, 7.27%, 0, 3, 17, 1130.00, 238528, 1, 130113, 1727, 130011
1640540166, 297, 673, 694, 21, 6, 7.33%, 0, 3, 17, 665.19, 242698, 1, 132039, 1740, 132031
1640540171, 297, 690, 720, 30, 9, 7.36%, 0, 3, 17, 1221.04, 247643, 1, 134113, 1757, 134063
1640540176, 297, 707, 751, 44, 10, 7.51%, 0, 3, 17, 1055.49, 252921, 1, 136490, 1774, 136463
1640540181, 297, 725, 764, 39, 7, 7.51%, 0, 3, 17, 1052.65, 258135, 1, 138935, 1792, 138761
1640540186, 297, 744, 785, 41, 9, 7.54%, 0, 3, 17, 1124.66, 263858, 1, 141461, 1811, 141384
1640540191, 297, 762, 799, 37, 10, 7.86%, 0, 3, 17, 1229.39, 269333, 1, 144177, 1829, 144010
1640540196, 297, 778, 817, 39, 8, 7.89%, 0, 3, 17, 1136.90, 274687, 1, 146848, 1845, 146771
1640540201, 297, 792, 832, 40, 7, 7.89%, 0, 3, 17, 685.19, 279338, 1, 149254, 1859, 149133
1640540206, 297, 807, 859, 52, 8, 7.98%, 0, 3, 17, 869.23, 283900, 1, 151353, 1874, 151283
1640540211, 297, 824, 871, 47, 5, 7.98%, 0, 3, 17, 906.66, 288585, 1, 153474, 1891, 153386
1640540217, 297, 835, 884, 49, 5, 7.98%, 0, 3, 17, 671.28, 292038, 1, 155074, 1902, 155061
1640540222, 297, 852, 910, 58, 8, 8.06%, 0, 3, 17, 914.35, 296606, 1, 156907, 1919, 156720
1640540227, 297, 861, 915, 54, 8, 8.06%, 0, 3, 17, 758.04, 299434, 1, 158295, 1928, 158181
1640540232, 297, 875, 925, 50, 7, 8.06%, 0, 3, 17, 784.58, 303735, 1, 160446, 1942, 160309
1640540237, 297, 882, 927, 45, 7, 8.06%, 0, 3, 17, 132.38, 305786, 1, 161413, 1949, 161253
1640540242, 297, 889, 934, 45, 8, 8.08%, 0, 3, 17, 400.95, 307904, 1, 162496, 1956, 162440
1640540247, 297, 899, 949, 50, 8, 8.13%, 0, 3, 17, 225.83, 311084, 1, 163932, 1966, 163908
1640540253, 297, 916, 979, 63, 15, 8.20%, 0, 3, 17, 811.63, 316257, 1, 166286, 1983, 166065
1640540258, 297, 926, 984, 58, 15, 8.27%, 0, 3, 17, 482.23, 318923, 1, 167412, 1993, 166904
1640540263, 297, 934, 988, 54, 14, 8.27%, 0, 3, 17, 114.81, 321104, 1, 168435, 2001, 168124
1640540268, 297, 949, 1022, 73, 17, 8.29%, 0, 3, 17, 915.12, 325693, 1, 170437, 2016, 170433
1640540273, 297, 968, 1043, 75, 17, 8.33%, 0, 3, 17, 1024.95, 330803, 1, 172574, 2035, 172369
1640540278, 297, 984, 1052, 69, 17, 8.34%, 0, 3, 17, 841.97, 335037, 1, 174441, 2051, 174220
1640540283, 297, 989, 1057, 69, 18, 8.34%, 0, 3, 17, 498.32, 336504, 1, 175093, 2056, 174921
1640540288, 297, 1004, 1070, 67, 20, 8.40%, 0, 3, 17, 663.99, 340733, 1, 176967, 2071, 176022
1640540294, 297, 1021, 1091, 71, 17, 8.40%, 0, 3, 17, 945.28, 345740, 1, 179278, 2088, 179264
1640540299, 297, 1041, 1113, 73, 17, 8.42%, 0, 3, 17, 1062.76, 351223, 1, 181647, 2108, 181530
1640540304, 297, 1055, 1127, 73, 17, 8.42%, 0, 3, 17, 772.23, 355057, 1, 183257, 2122, 182852
1640540309, 297, 1070, 1133, 64, 15, 8.43%, 0, 3, 17, 939.15, 359498, 1, 185390, 2137, 184772
1640540314, 297, 1083, 1147, 65, 17, 8.44%, 0, 3, 17, 776.20, 363225, 1, 187139, 2150, 186952
1640540319, 297, 1100, 1164, 65, 17, 8.44%, 0, 3, 17, 941.10, 368418, 1, 189576, 2167, 189437
1640540324, 297, 1118, 1178, 61, 13, 8.46%, 0, 3, 17, 788.71, 373484, 1, 191863, 2185, 191664
1640540329, 297, 1134, 1194, 61, 9, 8.47%, 0, 3, 17, 889.73, 378092, 1, 193984, 2201, 193921
1640540334, 297, 1148, 1199, 52, 8, 8.47%, 0, 3, 17, 815.22, 382116, 1, 195889, 2215, 195283
1640540340, 297, 1164, 1209, 46, 9, 8.47%, 0, 3, 17, 1100.45, 386802, 1, 198162, 2231, 197755
1640540345, 297, 1177, 1216, 40, 10, 8.48%, 0, 3, 17, 1104.36, 390688, 1, 199977, 2244, 199774
1640540350, 297, 1193, 1225, 33, 10, 8.60%, 0, 3, 18, 961.11, 395462, 1, 202417, 2260, 202360
1640540355, 297, 1209, 1234, 26, 6, 8.60%, 0, 3, 18, 900.29, 399904, 1, 204425, 2276, 204102
1640540360, 297, 1222, 1243, 22, 5, 8.60%, 0, 3, 19, 881.86, 403783, 1, 206234, 2289, 206022
1640540365, 297, 1236, 1256, 21, 6, 8.60%, 0, 3, 19, 892.40, 407829, 1, 208076, 2303, 208002
1640540370, 297, 1249, 1266, 18, 3, 8.69%, 0, 3, 20, 769.96, 411779, 1, 209965, 2316, 209909
1640540375, 297, 1264, 1284, 21, 4, 8.72%, 0, 3, 21, 840.73, 416331, 1, 212153, 2331, 212129
1640540380, 297, 1281, 1310, 30, 8, 8.77%, 0, 3, 22, 914.20, 421223, 1, 214447, 2348, 214349
1640540385, 297, 1294, 1324, 31, 7, 8.77%, 0, 3, 22, 877.44, 425045, 1, 216114, 2361, 215888
1640540390, 297, 1311, 1341, 31, 6, 8.78%, 0, 3, 23, 899.71, 429842, 1, 218273, 2378, 217808
1640540395, 297, 1320, 1347, 28, 4, 8.78%, 0, 3, 23, 199.88, 432273, 1, 219408, 2387, 219268
1640540401, 297, 1337, 1358, 22, 4, 8.78%, 0, 3, 23, 937.00, 437232, 1, 221660, 2404, 221631
1640540406, 297, 1352, 1365, 14, 3, 8.78%, 0, 3, 24, 936.62, 441292, 1, 223533, 2419, 223327
1640540411, 297, 1363, 1378, 16, 1, 8.78%, 0, 3, 25, 1223.32, 444553, 1, 224971, 2430, 224840
1640540416, 297, 1373, 1387, 15, 0, 8.78%, 0, 3, 25, 320.73, 447172, 1, 226128, 2440, 226021
1640540421, 297, 1386, 1396, 11, 1, 8.79%, 0, 3, 26, 579.49, 450677, 1, 227636, 2453, 227075
1640540426, 297, 1398, 1406, 9, 0, 8.79%, 0, 3, 28, 702.47, 454213, 1, 229259, 2465, 229243
1640540431, 297, 1411, 1420, 10, 0, 8.79%, 0, 3, 29, 704.03, 457760, 1, 230869, 2478, 230681
1640540437, 297, 1423, 1433, 11, 0, 8.79%, 0, 3, 31, 691.41, 461226, 1, 232401, 2490, 232342
1640540442, 297, 1434, 1445, 12, 0, 8.79%, 0, 3, 32, 649.50, 464254, 1, 233733, 2501, 233732
1640540447, 297, 1444, 1453, 10, 1, 8.79%, 0, 3, 33, 18.38, 466842, 1, 234800, 2511, 234764
1640540452, 297, 1455, 1465, 11, 1, 8.80%, 0, 3, 34, 675.78, 469938, 1, 236171, 2522, 236140
1640540457, 297, 1467, 1475, 9, 0, 8.80%, 0, 3, 35, 665.45, 473304, 1, 237705, 2534, 237417
1640540462, 297, 1480, 1492, 13, 3, 8.94%, 0, 3, 37, 689.70, 476991, 1, 239358, 2547, 239288
1640540467, 297, 1493, 1501, 9, 1, 8.94%, 0, 3, 38, 714.87, 480677, 1, 241068, 2560, 240885
1640540472, 297, 1505, 1506, 2, 1, 8.94%, 0, 3, 39, 686.48, 483913, 1, 242644, 2572, 242141
1640626628, 298, 978, 1506, 1, 0, 8.94%, 0, 3, 39, 0.00, 484190, 1, 242780, 61010926, 242141
