# unix_time, cycles_done, cur_path, paths_total, pending_total, pending_favs, map_size, unique_crashes, unique_hangs, max_depth, execs_per_sec, total_execs, state, total_fuzz, total_select, total_energy_used
1640539919, 0, 0, 1, 1, 1, 2.77%, 0, 0, 1, 470.59, 8, 0, 0, 0, 1
1640539924, 0, 44, 150, 106, 46, 4.42%, 0, 0, 3, 1923.93, 9373, 1, 1712, 44, 1660
1640539930, 0, 73, 160, 87, 39, 4.53%, 0, 0, 3, 1668.37, 15005, 1, 2192, 73, 2180
1640539935, 0, 121, 176, 55, 28, 4.64%, 0, 0, 3, 1664.64, 23678, 1, 2950, 121, 2929
1640539940, 0, 166, 190, 24, 13, 4.68%, 0, 0, 4, 1636.25, 31534, 1, 3761, 166, 3743
1640539945, 0, 198, 206, 8, 0, 4.70%, 0, 0, 5, 270.36, 37196, 1, 4341, 198, 4269
1640539950, 9, 228, 229, 1, 1, 4.85%, 0, 0, 6, 1496.96, 43894, 1, 6017, 270, 6016
1640539956, 19, 162, 250, 0, 0, 4.94%, 0, 0, 6, 1286.68, 49064, 2, 7651, 330, 7568
1640539961, 28, 216, 277, 1, 0, 5.15%, 0, 0, 7, 1574.27, 54797, 2, 9107, 383, 9052
1640539966, 41, 296, 297, 1, 0, 5.21%, 0, 0, 9, 18.43, 59603, 1, 10603, 431, 10575
1640539971, 46, 310, 311, 1, 0, 5.22%, 0, 0, 14, 642.08, 62314, 1, 11175, 454, 11157
1640539976, 60, 335, 339, 4, 4, 5.54%, 0, 0, 16, 1135.69, 68499, 1, 13408, 506, 13377
1640539981, 70, 352, 354, 2, 2, 5.66%, 0, 0, 16, 923.80, 72807, 1, 15058, 552, 15055
1640539986, 90, 379, 380, 1, 0, 5.72%, 0, 0, 16, 1356.25, 80662, 1, 18762, 622, 18726
1640539991, 105, 396, 401, 5, 4, 5.80%, 0, 0, 17, 1634.20, 88800, 1, 23892, 702, 23656
1640539996, 107, 411, 412, 1, 0, 5.84%, 0, 0, 17, 957.19, 92175, 1, 24889, 722, 24855
1640540002, 109, 432, 441, 9, 5, 6.35%, 0, 0, 17, 888.67, 97119, 1, 26374, 750, 26303
1640540007, 109, 469, 478, 9, 6, 6.47%, 0, 0, 17, 1304.85, 104540, 1, 27989, 787, 27971
1640540012, 109, 497, 510, 13, 2, 6.53%, 0, 0, 17, 1174.73, 110325, 1, 29210, 815, 29189
1640540017, 109, 520, 535, 15, 2, 6.53%, 0, 0, 17, 1242.14, 114876, 1, 30161, 838, 30083
1640540022, 109, 553, 567, 14, 2, 6.55%, 0, 0, 19, 1310.92, 121512, 1, 31542, 871, 31515
1640540027, 109, 587, 589, 2, 0, 6.55%, 0, 0, 22, 1387.28, 128225, 1, 33141, 905, 32978
1640540032, 121, 561, 608, 1, 0, 6.58%, 0, 0, 23, 1396.34, 135021, 2, 36887, 971, 36817
1640540037, 129, 637, 639, 2, 0, 6.58%, 0, 0, 24, 1487.03, 142565, 1, 39645, 1020, 39604
1640540042, 136, 652, 652, 1, 0, 6.59%, 0, 0, 29, 639.82, 147494, 1, 42421, 1058, 42417
1640540048, 145, 658, 660, 2, 0, 6.60%, 0, 0, 29, 659.73, 152618, 1, 46505, 1118, 46374
1640540053, 154, 679, 680, 1, 0, 6.64%, 0, 0, 29, 1306.37, 159914, 1, 50621, 1178, 50497
1640540058, 162, 695, 696, 2, 2, 6.65%, 0, 0, 29, 1360.93, 164911, 1, 53188, 1210, 53076
1640540063, 177, 435, 715, 0, 0, 6.76%, 0, 0, 29, 1461.35, 172196, 2, 57299, 1264, 57047
1640540068, 183, 724, 725, 1, 0, 6.82%, 0, 0, 29, 1441.04, 179111, 1, 62713, 1323, 62587
1640540073, 198, 740, 741, 2, 0, 6.84%, 0, 0, 29, 1602.20, 187145, 1, 68511, 1380, 68367
1640540078, 215, 392, 758, 0, 0, 6.85%, 0, 0, 29, 1830.07, 196568, 2, 74967, 1456, 73673
1640540083, 224, 228, 771, 0, 0, 6.97%, 0, 0, 29, 1629.57, 204720, 2, 80821, 1584, 80606
1640540088, 228, 781, 782, 1, 1, 7.01%, 0, 1, 29, 1456.45, 211385, 1, 85891, 1645, 85798
1640540094, 235, 649, 799, 0, 0, 7.04%, 0, 1, 29, 1578.45, 219383, 2, 91068, 1684, 90801
1640540099, 244, 812, 818, 0, 0, 7.07%, 0, 1, 29, 1496.07, 226842, 2, 95467, 1727, 95303
1640540104, 250, 647, 832, 0, 0, 7.15%, 0, 1, 29, 1243.82, 232418, 2, 98831, 1760, 98512
1640540109, 257, 543, 848, 0, 0, 7.17%, 0, 2, 29, 1795.00, 239053, 2, 102941, 1800, 102725
1640540114, 263, 860, 867, 7, 2, 7.33%, 0, 2, 29, 1328.23, 245704, 1, 107463, 1838, 107420
1640540119, 263, 893, 908, 15, 6, 7.72%, 0, 2, 29, 1546.57, 254023, 1, 110749, 1871, 110735
1640540124, 263, 925, 933, 8, 1, 7.80%, 0, 2, 29, 1555.77, 262016, 1, 113804, 1903, 113791
1640540129, 263, 956, 963, 7, 1, 7.83%, 0, 2, 29, 1544.53, 269943, 1, 117046, 1934, 116908
1640540134, 269, 982, 983, 1, 0, 7.84%, 0, 2, 32, 1653.39, 277700, 1, 121021, 1973, 120848
1640540140, 277, 593, 997, 0, 0, 7.86%, 0, 2, 32, 1669.44, 286155, 2, 127217, 2023, 126734
1640540145, 281, 1016, 1020, 4, 2, 8.00%, 0, 2, 32, 1573.62, 293687, 1, 131764, 2056, 131765
1640540150, 282, 1042, 1043, 1, 0, 8.02%, 0, 2, 33, 1373.91, 300513, 1, 134662, 2084, 134612
1640540155, 286, 1068, 1069, 1, 0, 8.07%, 0, 2, 38, 1479.45, 307987, 1, 138226, 2118, 138186
1640540160, 287, 1083, 1096, 0, 0, 8.08%, 0, 2, 44, 1523.99, 315739, 2, 141923, 2149, 141105
1640540165, 287, 1113, 1121, 8, 1, 8.08%, 0, 2, 49, 1256.79, 320641, 1, 144063, 2169, 143849
1640540170, 291, 1131, 1133, 2, 0, 8.09%, 0, 2, 50, 1374.12, 326908, 1, 147853, 2198, 147728
1640540175, 296, 1147, 1149, 1, 0, 8.10%, 0, 2, 54, 1296.44, 333582, 2, 152016, 2231, 151848
1640540180, 304, 1038, 1162, 0, 0, 8.11%, 0, 2, 57, 1412.87, 341175, 2, 157495, 2273, 155653
1640540186, 311, 1112, 1168, 0, 0, 8.12%, 0, 2, 57, 1487.63, 348843, 2, 164261, 2319, 163950
1640540191, 321, 351, 1180, 0, 0, 8.13%, 0, 2, 57, 1580.34, 357218, 2, 170740, 2369, 170342
1640540196, 326, 987, 1184, 0, 0, 8.14%, 0, 2, 57, 1638.57, 365554, 2, 178466, 2426, 177946
1640540201, 335, 467, 1193, 0, 0, 8.21%, 0, 2, 57, 1685.99, 374092, 2, 185589, 2477, 185030
1640540206, 344, 1202, 1205, 0, 0, 8.24%, 0, 2, 57, 135.55, 382029, 2, 191655, 2517, 191113
1640540211, 351, 1211, 1212, 1, 1, 8.34%, 0, 2, 57, 341.58, 389090, 1, 197598, 2549, 197503
1640540216, 353, 1216, 1217, 1, 1, 8.34%, 0, 2, 57, 1236.43, 395458, 1, 203199, 2588, 203195
1640540221, 358, 1224, 1228, 3, 0, 8.37%, 0, 2, 57, 1516.98, 403784, 2, 210279, 2629, 210246
1640540226, 360, 1236, 1238, 2, 0, 8.39%, 0, 2, 57, 850.96, 408639, 1, 213201, 2644, 212994
1640540232, 364, 1248, 1249, 0, 0, 8.40%, 0, 2, 57, 1503.73, 415891, 2, 218537, 2671, 218049
1640540237, 370, 1261, 1263, 2, 1, 8.49%, 0, 2, 57, 1431.06, 422679, 1, 223287, 2698, 223223
1640540242, 373, 1268, 1273, 5, 1, 8.50%, 0, 2, 57, 1050.90, 427136, 1, 226639, 2712, 226584
1640540247, 373, 1285, 1287, 2, 1, 8.54%, 0, 2, 57, 980.65, 432307, 1, 229215, 2729, 229057
1640540253, 373, 1303, 1314, 11, 2, 8.55%, 0, 2, 57, 271.94, 437867, 1, 231914, 2747, 231569
1640540258, 373, 1319, 1334, 15, 2, 8.59%, 0, 2, 57, 840.42, 442588, 1, 234143, 2763, 233854
1640540263, 373, 1339, 1352, 13, 3, 8.59%, 0, 2, 57, 120.71, 448489, 1, 236969, 2783, 236884
1640540268, 374, 1276, 1359, 0, 0, 8.61%, 0, 2, 57, 1244.52, 454486, 2, 240132, 2804, 238714
1640540273, 377, 1368, 1370, 2, 1, 8.62%, 0, 2, 57, 1372.99, 461071, 1, 245168, 2832, 245130
1640540278, 381, 1377, 1379, 2, 0, 8.62%, 0, 2, 57, 1351.78, 466295, 1, 249017, 2855, 249010
1640540283, 386, 1385, 1386, 1, 1, 8.62%, 0, 2, 57, 1335.77, 472334, 1, 253911, 2876, 253899
1640540288, 393, 1396, 1400, 4, 0, 8.63%, 0, 2, 57, 1440.51, 479869, 1, 259665, 2901, 259597
1640540293, 398, 1358, 1406, 0, 0, 8.63%, 0, 2, 57, 1459.57, 486905, 2, 265308, 2929, 264767
1640540299, 402, 1414, 1415, 1, 0, 8.65%, 0, 2, 57, 592.49, 493236, 1, 270245, 2950, 269889
1640540304, 406, 1423, 1426, 3, 0, 8.66%, 0, 2, 57, 1001.97, 498759, 1, 274352, 2971, 274347
1640540309, 409, 1433, 1434, 0, 0, 8.66%, 0, 2, 57, 1168.37, 504145, 2, 278201, 2989, 276864
1640540314, 414, 1266, 1439, 0, 0, 8.66%, 0, 2, 57, 1302.76, 511109, 2, 284395, 3014, 282548
1640540319, 417, 1445, 1446, 1, 0, 8.70%, 0, 2, 57, 380.88, 515416, 1, 287700, 3035, 287609
1640540324, 423, 728, 1449, 0, 0, 8.70%, 0, 2, 57, 1342.46, 522792, 2, 294536, 3074, 293146
1640540329, 431, 956, 1455, 0, 0, 8.72%, 0, 2, 57, 1307.96, 528687, 2, 299520, 3095, 298631
1640540334, 439, 1467, 1468, 1, 0, 8.78%, 0, 3, 57, 1868.44, 535988, 1, 304794, 3119, 304612
1640540339, 449, 1476, 1479, 1, 0, 8.78%, 0, 3, 58, 1577.04, 543547, 2, 310843, 3146, 310557
1640540344, 453, 1483, 1484, 0, 0, 8.80%, 0, 3, 58, 1273.07, 549526, 2, 315909, 3177, 315660
1640540350, 455, 852, 1487, 0, 0, 8.81%, 0, 3, 58, 1587.32, 558186, 2, 324106, 3219, 316344
1640540355, 461, 1495, 1496, 1, 1, 8.82%, 0, 3, 58, 1726.55, 566924, 1, 331466, 3252, 331397
1640540360, 467, 1498, 1499, 1, 0, 8.83%, 0, 4, 58, 106.95, 573185, 1, 337250, 3274, 336826
1640540365, 471, 1287, 1502, 0, 0, 8.83%, 0, 4, 58, 1681.26, 581560, 2, 345164, 3316, 343385
1640540370, 474, 1509, 1511, 2, 1, 8.83%, 0, 4, 58, 1307.02, 588037, 1, 349961, 3337, 349637
1640540375, 475, 1525, 1527, 2, 0, 8.83%, 0, 4, 58, 1439.13, 594248, 1, 353470, 3354, 353417
1640540380, 480, 1533, 1534, 1, 0, 8.85%, 0, 4, 58, 1323.58, 601136, 1, 359029, 3377, 358704
1640540386, 489, 1432, 1538, 0, 0, 8.85%, 0, 4, 58, 1281.51, 607465, 2, 364696, 3401, 363293
1640540391, 495, 1542, 1544, 1, 0, 8.85%, 0, 4, 58, 1560.76, 615827, 2, 372260, 3439, 372104
1640540396, 501, 902, 1550, 0, 0, 8.87%, 0, 4, 58, 1561.94, 623307, 2, 378658, 3465, 376266
1640540401, 507, 1556, 1557, 1, 0, 8.87%, 0, 4, 58, 1655.67, 632131, 1, 386404, 3502, 386147
1640540406, 511, 1558, 1559, 0, 0, 8.87%, 0, 4, 58, 1612.76, 640192, 2, 394157, 3537, 393168
1640540411, 513, 708, 1560, 0, 0, 8.88%, 0, 4, 58, 1882.77, 648400, 2, 402209, 3581, 396076
1640540416, 517, 1562, 1564, 0, 0, 8.89%, 0, 4, 58, 1791.63, 657024, 2, 410216, 3617, 408149
1640540421, 521, 643, 1567, 0, 0, 8.89%, 0, 4, 58, 1778.50, 666053, 2, 418643, 3662, 417094
1640540426, 523, 271, 1568, 0, 0, 8.89%, 0, 4, 58, 1788.42, 674986, 2, 427422, 3714, 421603
1640540432, 528, 1420, 1571, 0, 0, 8.89%, 0, 4, 58, 1789.81, 684125, 2, 436083, 3776, 434390
1640540437, 532, 1582, 1584, 1, 0, 8.96%, 0, 4, 58, 1577.26, 692141, 2, 442234, 3799, 442132
1640540442, 537, 1588, 1589, 0, 0, 8.96%, 0, 4, 58, 1978.04, 696335, 2, 445512, 3812, 445046
1640540447, 539, 1596, 1598, 0, 0, 8.96%, 0, 4, 58, 55.55, 701462, 2, 449249, 3827, 448078
1640540452, 543, 1600, 1601, 0, 0, 8.96%, 0, 4, 58, 288.21, 706185, 2, 453507, 3843, 453072
1640540457, 545, 1604, 1605, 0, 0, 9.02%, 0, 4, 58, 1657.51, 713846, 2, 460508, 3889, 458311
1640540462, 545, 1622, 1629, 8, 1, 9.12%, 0, 4, 58, 1480.88, 721187, 1, 465207, 3907, 465102
1640540467, 545, 1636, 1641, 6, 0, 9.12%, 0, 4, 58, 1125.25, 726628, 1, 468454, 3921, 468386
1640540473, 547, 1636, 1644, 0, 0, 9.12%, 0, 4, 58, 1286.67, 732083, 2, 472708, 3938, 470990
1640540478, 551, 1624, 1654, 1, 0, 9.12%, 0, 4, 58, 1603.73, 740263, 2, 479491, 3959, 479195
1640540483, 556, 1659, 1662, 1, 0, 9.13%, 0, 4, 58, 1079.94, 746589, 2, 484581, 3976, 484431
1640540488, 560, 1649, 1666, 0, 0, 9.13%, 0, 4, 58, 1001.81, 753325, 2, 490553, 3994, 487803
1640540493, 566, 1630, 1675, 0, 0, 9.14%, 0, 4, 58, 1488.97, 761482, 2, 497321, 4017, 496197
1640540498, 569, 1682, 1683, 1, 0, 9.14%, 0, 4, 58, 1649.38, 769689, 1, 504344, 4035, 503266
1640540503, 575, 1690, 1690, 0, 0, 9.14%, 0, 4, 58, 1741.59, 778786, 2, 512312, 4057, 511550
1640540508, 578, 45, 1694, 0, 0, 9.14%, 0, 4, 58, 1829.09, 787682, 2, 520592, 4119, 513117
1640540513, 579, 818, 1695, 0, 0, 9.14%, 0, 4, 58, 1667.89, 794775, 2, 527527, 4195, 524930
1640540518, 579, 1695, 1696, 1, 0, 9.14%, 0, 4, 58, 1742.46, 802234, 1, 534832, 4222, 534531
1640540523, 581, 1699, 1700, 1, 0, 9.14%, 0, 4, 58, 1846.68, 811721, 1, 539477, 4241, 539016
1640540529, 584, 1707, 1708, 1, 0, 9.14%, 0, 4, 58, 1685.66, 820653, 1, 546388, 4265, 545917
1640540534, 588, 1178, 1713, 0, 0, 9.14%, 0, 4, 58, 1617.73, 827298, 2, 551995, 4289, 551283
1640540539, 588, 632, 1713, 0, 0, 9.14%, 0, 4, 58, 1421.27, 834061, 2, 558758, 4308, 551283
1640540544, 592, 1719, 1720, 1, 0, 9.15%, 0, 4, 58, 1571.45, 842250, 1, 565732, 4331, 565537
1640540549, 594, 1723, 1726, 3, 0, 9.15%, 0, 4, 58, 1475.91, 849118, 1, 568447, 4338, 568190
1640540554, 596, 657, 1727, 0, 0, 9.15%, 0, 4, 58, 1667.82, 856493, 2, 573597, 4354, 571792
1640540559, 598, 1666, 1728, 0, 0, 9.16%, 0, 4, 58, 1714.50, 865216, 2, 582165, 4376, 578769
1640540564, 599, 1729, 1731, 2, 0, 9.16%, 0, 4, 58, 156.49, 871462, 1, 588092, 4401, 587895
1640540569, 602, 1169, 1732, 0, 0, 9.16%, 0, 4, 58, 1482.15, 879060, 2, 595373, 4420, 594530
1640540575, 603, 1114, 1733, 0, 0, 9.16%, 0, 4, 58, 1577.67, 887277, 2, 603340, 4440, 597081
1640540580, 605, 1602, 1734, 0, 0, 9.16%, 0, 4, 58, 830.64, 895041, 2, 610941, 4455, 603827
1640540585, 605, 1534, 1734, 0, 0, 9.16%, 0, 4, 58, 1062.00, 901483, 2, 617383, 4473, 603827
1640540590, 607, 1735, 1738, 0, 0, 9.19%, 0, 4, 58, 1230.76, 907588, 2, 622762, 4488, 621854
1640540595, 610, 1739, 1741, 1, 0, 9.19%, 0, 4, 58, 305.76, 912495, 2, 627280, 4500, 627031
1640540600, 612, 1715, 1741, 0, 0, 9.19%, 0, 4, 58, 936.24, 916972, 2, 631599, 4514, 627031
1640540605, 613, 1625, 1742, 0, 0, 9.21%, 0, 4, 58, 839.29, 921265, 2, 635736, 4525, 631699
1640540610, 614, 1743, 1744, 1, 0, 9.21%, 0, 4, 58, 953.90, 925452, 1, 639572, 4538, 639464
1640540615, 616, 1135, 1745, 0, 0, 9.21%, 0, 4, 58, 1227.05, 932178, 2, 646148, 4556, 641663
1640540621, 618, 1623, 1750, 0, 0, 9.21%, 0, 5, 58, 1267.24, 938204, 2, 651402, 4570, 648808
1640540626, 621, 1250, 1754, 0, 0, 9.21%, 0, 5, 58, 1586.27, 946501, 2, 659049, 4590, 653904
1640540631, 623, 734, 1758, 0, 0, 9.21%, 0, 5, 60, 1625.70, 954773, 2, 666718, 4611, 663409
1640540636, 625, 1763, 1764, 0, 0, 9.22%, 0, 5, 60, 1482.74, 961272, 2, 672292, 4626, 671403
1640540641, 627, 1772, 1774, 2, 2, 9.28%, 0, 5, 60, 1383.89, 968258, 1, 677829, 4640, 677784
1640540646, 629, 1157, 1774, 0, 0, 9.28%, 0, 5, 60, 1686.73, 977208, 2, 686606, 4659, 677784
1640540651, 631, 1775, 1777, 1, 0, 9.28%, 0, 5, 60, 1692.27, 985738, 2, 694820, 4680, 694361
1640540656, 632, 1780, 1781, 1, 1, 9.29%, 0, 5, 60, 28.06, 990621, 1, 698913, 4693, 698584
1640540661, 634, 1782, 1783, 1, 0, 9.29%, 0, 5, 60, 691.88, 993217, 1, 701175, 4698, 700612
1640540666, 635, 1624, 1783, 0, 0, 9.29%, 0, 5, 60, 1127.92, 999747, 2, 707705, 4710, 700612
1640540672, 639, 745, 1787, 0, 0, 9.29%, 0, 5, 60, 1493.30, 1007722, 2, 715047, 4735, 711195
1640540677, 640, 1603, 1788, 0, 0, 9.29%, 0, 5, 60, 1433.81, 1014540, 2, 721710, 4749, 719122
1640540682, 641, 621, 1789, 0, 0, 9.29%, 0, 5, 60, 1499.18, 1021916, 2, 728929, 4770, 723520
1640540687, 643, 1790, 1791, 0, 0, 9.30%, 0, 5, 60, 1019.59, 1026718, 2, 733423, 4781, 732354
1640540692, 645, 1561, 1794, 1, 0, 9.31%, 0, 5, 60, 992.86, 1031659, 2, 738046, 4792, 737768
1640540697, 649, 1265, 1796, 0, 0, 9.31%, 0, 5, 60, 1328.22, 1038965, 2, 744897, 4807, 742167
1640540702, 651, 1801, 1802, 0, 0, 9.31%, 0, 5, 60, 1614.01, 1047140, 2, 751874, 4825, 750752
1640540707, 654, 1807, 1808, 0, 0, 9.31%, 0, 5, 60, 1777.60, 1056461, 2, 759951, 4843, 758319
1640540712, 656, 1810, 1813, 3, 0, 9.31%, 0, 5, 60, 1646.77, 1064405, 1, 766056, 4857, 765942
1640540717, 658, 761, 1813, 0, 0, 9.31%, 0, 5, 60, 1668.01, 1072847, 2, 774214, 4878, 765942
1640540723, 658, 1658, 1813, 0, 0, 9.31%, 0, 5, 60, 1376.86, 1080609, 2, 781974, 4895, 765942
1640540728, 659, 1817, 1821, 4, 1, 9.38%, 0, 5, 60, 1184.08, 1086191, 1, 786682, 4905, 786614
1640540733, 661, 1823, 1824, 1, 0, 9.38%, 0, 5, 60, 1404.02, 1091883, 1, 791380, 4915, 790853
1640540738, 662, 1829, 1831, 2, 1, 9.49%, 0, 5, 60, 532.91, 1096158, 1, 794720, 4923, 793729
1640540743, 663, 1834, 1837, 3, 1, 9.50%, 0, 5, 60, 654.52, 1099665, 1, 797454, 4931, 797189
1640540748, 664, 1831, 1843, 2, 0, 9.50%, 0, 5, 60, 791.27, 1103956, 2, 800588, 4939, 800534
1640540753, 666, 1845, 1846, 1, 0, 9.50%, 0, 5, 60, 1027.97, 1109077, 1, 804955, 4950, 804804
1640540758, 669, 1837, 1848, 0, 0, 9.50%, 0, 5, 60, 905.86, 1114004, 2, 809554, 4960, 807906
1640540764, 670, 1850, 1851, 2, 0, 9.50%, 0, 5, 60, 262.64, 1116272, 1, 811501, 4965, 811403
1640540769, 672, 1850, 1855, 1, 0, 9.54%, 0, 5, 60, 563.79, 1119381, 2, 813982, 4971, 812927
1640540774, 673, 1858, 1861, 3, 2, 9.60%, 0, 5, 60, 774.96, 1123259, 1, 817122, 4978, 817115
1640540779, 675, 1867, 1869, 2, 2, 9.60%, 0, 5, 60, 1317.44, 1130648, 1, 823226, 4990, 822497
1640540784, 677, 1874, 1888, 14, 1, 9.65%, 0, 5, 60, 1509.08, 1138462, 1, 829370, 5003, 829349
1640540789, 677, 1884, 1915, 31, 2, 9.65%, 0, 5, 60, 1436.94, 1145470, 1, 833552, 5013, 833528
1640540794, 677, 1893, 1933, 40, 1, 9.65%, 0, 5, 60, 517.13, 1151087, 1, 836854, 5022, 836832
1640540799, 677, 1905, 1938, 33, 1, 9.65%, 0, 5, 60, 1140.14, 1157939, 1, 840896, 5034, 839925
1640540804, 677, 1914, 1942, 28, 1, 9.65%, 0, 5, 60, 883.24, 1163207, 1, 844044, 5043, 843600
1640540809, 677, 1919, 1950, 31, 1, 9.65%, 0, 5, 60, 919.66, 1167840, 1, 845732, 5048, 845489
1640540814, 677, 1930, 1967, 37, 1, 9.65%, 0, 5, 60, 1203.94, 1174480, 1, 849442, 5059, 849149
1640540819, 677, 1942, 1975, 33, 0, 9.65%, 0, 5, 60, 1401.12, 1181691, 1, 853655, 5071, 853389
1640540824, 677, 1955, 1983, 28, 0, 9.65%, 0, 5, 60, 1443.58, 1188975, 1, 857944, 5084, 857937
1640540829, 677, 1962, 1985, 23, 0, 9.65%, 0, 5, 60, 44.45, 1193401, 1, 860526, 5091, 859450
1640540834, 677, 1971, 1991, 20, 0, 9.65%, 0, 5, 60, 960.35, 1199086, 1, 863838, 5100, 863607
1640540840, 677, 1982, 1998, 16, 0, 9.65%, 0, 5, 60, 1197.83, 1205533, 1, 867855, 5111, 867734
1640540845, 677, 1988, 2000, 12, 0, 9.65%, 0, 5, 60, 1105.96, 1209411, 1, 870002, 5117, 868940
1640540850, 677, 1998, 2005, 7, 0, 9.65%, 0, 5, 60, 1322.09, 1215362, 1, 873696, 5127, 872696
1640540855, 677, 2005, 2009, 4, 0, 9.65%, 0, 5, 60, 170.66, 1220287, 1, 876391, 5134, 876154
1640540860, 677, 2009, 2012, 3, 0, 9.65%, 0, 5, 60, 1063.88, 1223240, 1, 877991, 5138, 877985
1640540865, 680, 1943, 2015, 0, 0, 9.65%, 0, 5, 60, 1252.31, 1229674, 2, 883295, 5150, 881495
1640540870, 681, 1993, 2020, 0, 0, 9.65%, 0, 5, 60, 995.94, 1235122, 2, 887522, 5160, 884836
1640540876, 682, 2021, 2022, 1, 0, 9.65%, 0, 5, 60, 767.26, 1238813, 1, 889061, 5164, 889061
1640540881, 682, 2024, 2026, 2, 0, 9.65%, 0, 5, 60, 639.02, 1242085, 1, 890219, 5167, 890193
1640540886, 682, 2031, 2033, 2, 0, 9.66%, 0, 5, 60, 936.41, 1246708, 1, 892699, 5174, 892496
1640540891, 683, 2039, 2043, 4, 0, 9.66%, 0, 5, 60, 1183.15, 1252672, 1, 896827, 5186, 896525
1640540896, 684, 2047, 2052, 5, 0, 9.66%, 0, 5, 60, 1254.29, 1258932, 1, 900857, 5197, 900819
1640540901, 684, 2057, 2062, 5, 0, 9.66%, 0, 5, 60, 1196.71, 1264679, 1, 904082, 5207, 903213
1640540906, 685, 2063, 2064, 1, 0, 9.66%, 0, 5, 60, 1203.81, 1270576, 1, 908208, 5218, 907624
1640540911, 687, 2070, 2071, 1, 0, 9.66%, 0, 5, 60, 1373.21, 1277809, 1, 913724, 5232, 913394
1640540917, 689, 2074, 2076, 2, 0, 9.66%, 0, 5, 60, 247.91, 1284905, 1, 919918, 5246, 919684
1640540922, 691, 2080, 2081, 1, 0, 9.66%, 0, 5, 60, 1071.83, 1291240, 1, 924525, 5258, 924482
1640540927, 693, 2087, 2106, 19, 3, 9.68%, 0, 5, 60, 1337.69, 1298484, 1, 929968, 5270, 929904
1640540932, 693, 2099, 2115, 16, 1, 9.68%, 0, 5, 60, 1410.44, 1306033, 1, 934675, 5282, 934583
1640540937, 693, 2110, 2118, 8, 2, 9.68%, 0, 5, 60, 1607.48, 1313495, 1, 939569, 5293, 939343
1640540942, 693, 2123, 2127, 4, 0, 9.68%, 0, 5, 60, 76.09, 1320740, 1, 944272, 5306, 943446
1640540948, 694, 2127, 2131, 0, 0, 9.68%, 0, 5, 60, 1322.18, 1326537, 2, 948155, 5314, 946398
1640540953, 697, 2105, 2136, 0, 0, 9.68%, 0, 5, 60, 1587.34, 1334818, 2, 955341, 5328, 951903
1640540958, 698, 2115, 2141, 0, 0, 9.68%, 0, 5, 60, 1700.83, 1343481, 2, 963226, 5343, 961746
1640540963, 699, 2144, 2146, 2, 0, 9.68%, 0, 5, 60, 1609.78, 1351576, 1, 970475, 5357, 970330
1640540968, 701, 2147, 2148, 1, 1, 9.69%, 0, 5, 60, 1558.03, 1359280, 1, 977268, 5371, 977100
1640540973, 703, 2153, 2158, 5, 1, 9.69%, 0, 5, 60, 1604.35, 1365869, 1, 982554, 5381, 982000
1640540978, 703, 2161, 2164, 3, 1, 9.70%, 0, 5, 60, 445.81, 1371363, 1, 986023, 5389, 985378
1640540983, 704, 2156, 2168, 0, 0, 9.71%, 0, 6, 60, 986.19, 1376370, 2, 989614, 5399, 987771
1640540988, 706, 2169, 2170, 1, 0, 9.71%, 0, 6, 60, 1469.86, 1384262, 1, 997165, 5413, 996848
1640540993, 708, 2173, 2174, 1, 0, 9.71%, 0, 6, 60, 1424.17, 1391791, 1, 1003523, 5424, 1003160
1640540999, 710, 2178, 2179, 1, 0, 9.71%, 0, 7, 60, 1249.97, 1397475, 1, 1008026, 5433, 1007759
1640541004, 713, 2181, 2182, 1, 1, 9.72%, 0, 7, 60, 1347.48, 1404815, 1, 1014558, 5446, 1013853
1640541009, 714, 2187, 2194, 7, 0, 9.72%, 0, 7, 60, 66.09, 1410013, 1, 1018250, 5455, 1018156
1640541014, 714, 2193, 2198, 5, 0, 9.72%, 0, 7, 60, 1211.87, 1413877, 1, 1020641, 5461, 1020570
1640541019, 714, 2202, 2213, 11, 0, 9.72%, 0, 7, 60, 1127.54, 1419776, 1, 1024433, 5470, 1024351
1640541024, 714, 2212, 2218, 6, 1, 9.72%, 0, 7, 60, 1139.13, 1425561, 1, 1027934, 5480, 1027916
1640541029, 714, 2220, 2223, 3, 0, 9.72%, 0, 7, 60, 1013.91, 1430616, 1, 1031048, 5488, 1030496
1640541034, 714, 2230, 2242, 12, 1, 9.73%, 0, 7, 60, 1225.02, 1436893, 1, 1034892, 5498, 1034731
1640541039, 714, 2239, 2253, 14, 1, 9.73%, 0, 7, 60, 1241.28, 1442368, 1, 1038252, 5507, 1037989
1640541045, 714, 2245, 2266, 21, 2, 9.73%, 0, 7, 60, 967.35, 1447079, 1, 1040266, 5513, 1040112
1640541050, 714, 2249, 2269, 20, 2, 9.73%, 0, 7, 60, 917.98, 1451228, 1, 1041529, 5517, 1041203
1640541055, 714, 2258, 2282, 24, 2, 9.76%, 0, 7, 60, 1193.46, 1457294, 1, 1044789, 5526, 1044613
1640541060, 714, 2266, 2292, 26, 2, 9.76%, 0, 7, 60, 1123.45, 1462626, 1, 1047408, 5534, 1046249
1640541065, 714, 2268, 2295, 27, 3, 9.77%, 0, 7, 60, 800.66, 1466432, 1, 1048156, 5536, 1047955
1640541070, 714, 2273, 2303, 30, 4, 9.77%, 0, 7, 60, 933.50, 1471167, 1, 1049928, 5541, 1049910
1640541075, 714, 2281, 2312, 31, 2, 9.78%, 0, 7, 60, 1522.39, 1476948, 1, 1052680, 5549, 1052542
1640541080, 714, 2286, 2315, 29, 2, 9.78%, 0, 7, 60, 934.68, 1481362, 1, 1054387, 5554, 1054008
1640541085, 714, 2291, 2319, 28, 2, 9.78%, 0, 7, 60, 984.36, 1485980, 1, 1056547, 5559, 1055768
1640541091, 714, 2293, 2320, 27, 2, 9.78%, 0, 7, 60, 683.12, 1489139, 1, 1056923, 5561, 1056551
1640541096, 714, 2294, 2325, 31, 2, 9.78%, 0, 7, 60, 736.63, 1492737, 1, 1057284, 5562, 1057282
1640541101, 714, 2299, 2326, 27, 1, 9.78%, 0, 7, 60, 88.90, 1496041, 1, 1059160, 5567, 1058873
1640541106, 714, 2299, 2327, 28, 1, 9.78%, 0, 7, 60, 12.01, 1496497, 1, 1059290, 5567, 1059277
1640541111, 714, 2301, 2329, 28, 1, 9.78%, 0, 7, 60, 437.59, 1499041, 1, 1059901, 5569, 1059331
1640541116, 714, 2303, 2331, 28, 1, 9.78%, 0, 7, 60, 637.70, 1502009, 1, 1060650, 5571, 1060274
1640541122, 714, 2305, 2339, 34, 2, 9.78%, 0, 7, 60, 705.78, 1505525, 1, 1061407, 5573, 1061184
1640541132, 714, 2310, 2346, 36, 3, 9.79%, 0, 7, 60, 849.85, 1510648, 1, 1063405, 5578, 1062593
1640541137, 714, 2312, 2350, 38, 3, 9.79%, 0, 7, 60, 80.36, 1511809, 1, 1063967, 5580, 1063953
1640541142, 714, 2313, 2350, 37, 3, 9.79%, 0, 7, 60, 115.13, 1512347, 1, 1064328, 5581, 1063953
1640541147, 714, 2315, 2351, 36, 3, 9.79%, 0, 7, 60, 429.92, 1514160, 1, 1065068, 5583, 1064963
1640541152, 714, 2319, 2354, 35, 3, 9.79%, 0, 7, 60, 612.26, 1517431, 1, 1066564, 5587, 1066366
1640541157, 714, 2320, 2355, 35, 3, 9.79%, 0, 7, 60, 591.83, 1520336, 1, 1066936, 5588, 1066645
1640541162, 714, 2321, 2357, 36, 4, 9.79%, 0, 7, 60, 595.48, 1523278, 1, 1067296, 5589, 1067113
1640541167, 714, 2323, 2357, 34, 4, 9.79%, 0, 7, 60, 668.03, 1526617, 1, 1068010, 5591, 1067113
1640541172, 714, 2327, 2361, 34, 4, 9.79%, 0, 7, 60, 581.57, 1529785, 1, 1069424, 5595, 1069101
1640541178, 714, 2328, 2361, 33, 4, 9.79%, 0, 7, 60, 97.14, 1530633, 1, 1069751, 5596, 1069101
1640541183, 714, 2329, 2362, 33, 4, 9.79%, 0, 7, 60, 276.11, 1531845, 1, 1070085, 5597, 1069811
1640541188, 714, 2330, 2365, 35, 4, 9.79%, 0, 7, 60, 513.12, 1534773, 1, 1070659, 5598, 1070648
1640541193, 714, 2332, 2365, 33, 4, 9.79%, 0, 7, 60, 716.29, 1538250, 1, 1071045, 5600, 1070648
1640541198, 714, 2335, 2368, 33, 4, 9.79%, 0, 7, 60, 970.96, 1543067, 1, 1072030, 5603, 1071794
1640541203, 714, 2337, 2370, 33, 4, 9.79%, 0, 7, 60, 952.23, 1547319, 1, 1072668, 5605, 1072457
1640541208, 714, 2339, 2371, 32, 3, 9.79%, 0, 7, 60, 707.97, 1550829, 1, 1073307, 5607, 1073243
1640541219, 714, 2340, 2372, 32, 3, 9.79%, 0, 7, 60, 304.79, 1553526, 1, 1073632, 5608, 1073553
1640541224, 714, 2343, 2380, 37, 3, 9.79%, 0, 7, 60, 562.20, 1555928, 1, 1074617, 5611, 1074609
1640541229, 714, 2352, 2388, 36, 4, 9.81%, 0, 7, 60, 883.53, 1561251, 1, 1077533, 5620, 1076279
1640541234, 714, 2354, 2389, 35, 4, 9.81%, 0, 7, 60, 691.37, 1564334, 1, 1078187, 5622, 1077728
1640541239, 714, 2356, 2391, 35, 4, 9.81%, 0, 7, 60, 626.19, 1567344, 1, 1078850, 5624, 1078385
1640541244, 714, 2358, 2392, 34, 4, 9.81%, 0, 7, 60, 681.00, 1570837, 1, 1079511, 5626, 1078870
1640541249, 714, 2361, 2393, 32, 4, 9.81%, 0, 7, 60, 215.18, 1573787, 1, 1080733, 5629, 1080656
1640541254, 714, 2363, 2394, 31, 4, 9.81%, 0, 7, 60, 494.79, 1576726, 1, 1081218, 5631, 1081213
1640541259, 714, 2364, 2394, 30, 4, 9.81%, 0, 7, 60, 541.96, 1579562, 1, 1081565, 5632, 1081213
1640541264, 714, 2367, 2395, 28, 4, 9.81%, 0, 7, 60, 1143.33, 1585275, 1, 1082625, 5635, 1081950
1640541269, 714, 2370, 2395, 25, 4, 9.81%, 0, 7, 60, 989.60, 1590481, 1, 1083702, 5638, 1081950
1640541275, 714, 2371, 2396, 25, 4, 9.81%, 0, 7, 60, 991.52, 1593348, 1, 1084072, 5639, 1083767
1640541280, 714, 2374, 2403, 29, 3, 9.81%, 0, 7, 60, 752.67, 1595915, 1, 1085305, 5642, 1085278
1640541285, 714, 2377, 2405, 28, 3, 9.81%, 0, 7, 60, 336.41, 1599388, 1, 1086352, 5645, 1085917
1640541290, 714, 2385, 2408, 23, 1, 9.81%, 0, 7, 60, 866.37, 1605010, 1, 1089100, 5653, 1088285
1640541295, 714, 2388, 2414, 26, 2, 9.81%, 0, 7, 60, 627.54, 1607989, 1, 1090211, 5656, 1089999
1640541300, 714, 2390, 2415, 25, 2, 9.81%, 0, 7, 60, 618.97, 1611120, 1, 1090928, 5658, 1090286
1640541305, 714, 2391, 2416, 25, 2, 9.81%, 0, 7, 60, 597.27, 1614213, 1, 1091287, 5659, 1091014
1640541310, 714, 2394, 2418, 24, 2, 9.81%, 0, 7, 60, 681.90, 1617585, 1, 1092323, 5662, 1091801
1640541316, 714, 2396, 2418, 22, 2, 9.81%, 0, 7, 60, 655.47, 1621431, 1, 1093024, 5664, 1091801
1640541326, 714, 2397, 2420, 23, 2, 9.81%, 0, 7, 60, 239.52, 1624400, 1, 1093383, 5665, 1093120
1640541331, 714, 2402, 2427, 25, 2, 9.81%, 0, 7, 60, 122.19, 1627439, 1, 1095155, 5670, 1094934
1640541336, 714, 2408, 2431, 23, 3, 9.81%, 0, 7, 60, 1161.92, 1631796, 1, 1097184, 5676, 1096642
1640541341, 714, 2411, 2435, 24, 4, 9.83%, 0, 7, 60, 857.77, 1635252, 1, 1098387, 5679, 1098261
1640541346, 714, 2416, 2437, 21, 2, 9.83%, 0, 7, 60, 763.31, 1638830, 1, 1100070, 5684, 1099266
1640541351, 714, 2418, 2437, 19, 2, 9.83%, 0, 7, 60, 533.87, 1641450, 1, 1100829, 5686, 1099266
1640541356, 714, 2419, 2437, 18, 2, 9.83%, 0, 7, 60, 366.79, 1643000, 1, 1101216, 5687, 1099266
1640541367, 714, 2420, 2437, 17, 2, 9.83%, 0, 7, 60, 446.76, 1646933, 1, 1101969, 5688, 1099266
1640541372, 714, 2426, 2441, 15, 2, 9.83%, 0, 7, 60, 129.95, 1650496, 1, 1104009, 5694, 1102649
1640541377, 714, 2427, 2445, 18, 2, 9.83%, 0, 7, 60, 127.86, 1651291, 1, 1104495, 5695, 1104470
1640541382, 714, 2431, 2446, 15, 1, 9.83%, 0, 7, 60, 1142.65, 1656059, 1, 1105996, 5699, 1104869
1640541387, 714, 2435, 2451, 16, 2, 9.83%, 0, 7, 60, 128.79, 1659982, 1, 1107696, 5703, 1106786
1640541393, 714, 2437, 2452, 15, 2, 9.83%, 0, 7, 60, 428.61, 1661963, 1, 1108247, 5705, 1107793
1640541398, 714, 2441, 2453, 12, 2, 9.83%, 0, 7, 60, 57.25, 1664577, 1, 1109725, 5709, 1108323
1640541403, 714, 2442, 2453, 11, 2, 9.83%, 0, 7, 60, 112.99, 1665505, 1, 1110374, 5710, 1108323
1640541408, 714, 2444, 2454, 10, 3, 9.84%, 0, 7, 60, 171.54, 1666420, 1, 1110867, 5712, 1110379
1640541413, 714, 2448, 2456, 8, 3, 9.84%, 0, 7, 60, 1133.72, 1669504, 1, 1112399, 5716, 1111970
1640541418, 714, 2452, 2458, 6, 3, 9.84%, 0, 7, 60, 780.86, 1673283, 1, 1113907, 5720, 1112426
1640541428, 714, 2453, 2461, 8, 4, 9.93%, 0, 7, 60, 197.86, 1675551, 1, 1114291, 5721, 1114027
1640541434, 714, 2456, 2461, 5, 2, 9.93%, 0, 7, 60, 969.71, 1678405, 1, 1115428, 5724, 1114027
1640541439, 714, 2458, 2463, 5, 2, 9.93%, 0, 7, 60, 518.38, 1680693, 1, 1116197, 5726, 1115821
1640541444, 714, 2459, 2463, 4, 2, 9.93%, 0, 7, 60, 54.05, 1681457, 1, 1116560, 5727, 1115821
1640541459, 714, 2460, 2471, 11, 3, 9.93%, 0, 7, 60, 125.61, 1682802, 1, 1116930, 5728, 1116925
1640541469, 714, 2462, 2472, 10, 2, 9.93%, 0, 7, 60, 86.26, 1685859, 1, 1117665, 5730, 1117063
1640541475, 714, 2463, 2473, 10, 2, 9.93%, 0, 7, 60, 130.18, 1686618, 1, 1118034, 5731, 1117997
1640541490, 714, 2463, 2475, 12, 2, 9.93%, 0, 7, 60, 92.62, 1687866, 1, 1118328, 5731, 1118305
1640541495, 714, 2464, 2475, 11, 2, 9.93%, 0, 7, 60, 67.30, 1688549, 1, 1118404, 5732, 1118329
1640541505, 714, 2465, 2475, 10, 1, 9.93%, 0, 7, 60, 120.04, 1689983, 1, 1118774, 5733, 1118329
1640541521, 714, 2466, 2475, 9, 1, 9.93%, 0, 7, 60, 53.72, 1691655, 1, 1119149, 5734, 1118329
1640541531, 714, 2467, 2476, 9, 1, 9.93%, 0, 7, 60, 53.91, 1693112, 1, 1119529, 5735, 1119159
1640541541, 714, 2468, 2476, 8, 1, 9.93%, 0, 7, 60, 103.45, 1694318, 1, 1119894, 5736, 1119159
1640541557, 714, 2468, 2477, 9, 1, 9.93%, 0, 7, 60, 88.24, 1695550, 1, 1120161, 5736, 1120157
1640541562, 714, 2469, 2477, 8, 1, 9.93%, 0, 7, 60, 98.77, 1696086, 1, 1120264, 5737, 1120157
1640541572, 714, 2470, 2478, 8, 1, 9.93%, 0, 7, 60, 112.88, 1697183, 1, 1120632, 5738, 1120345
1640541598, 714, 2470, 2479, 9, 1, 9.93%, 0, 7, 60, 82.69, 1699363, 1, 1120887, 5738, 1120844
1640541603, 714, 2471, 2479, 8, 0, 9.93%, 0, 7, 60, 548.17, 1700511, 1, 1120989, 5739, 1120844
1640541608, 714, 2472, 2482, 10, 0, 9.93%, 0, 7, 60, 313.22, 1701794, 1, 1121343, 5740, 1121206
1640541613, 714, 2473, 2482, 9, 0, 9.93%, 0, 7, 60, 122.99, 1702528, 1, 1121693, 5741, 1121206
1640541628, 714, 2474, 2483, 9, 0, 9.93%, 0, 7, 60, 125.63, 1704168, 1, 1122049, 5742, 1121946
1640541649, 714, 2475, 2483, 8, 0, 9.93%, 0, 7, 60, 120.08, 1706398, 1, 1122404, 5743, 1121946
1640541659, 714, 2476, 2484, 8, 1, 9.93%, 0, 7, 60, 105.10, 1707740, 1, 1122765, 5744, 1122564
1640541679, 714, 2477, 2484, 7, 1, 9.93%, 0, 7, 60, 135.66, 1709686, 1, 1123119, 5745, 1122564
1640541690, 714, 2478, 2484, 6, 1, 9.93%, 0, 7, 60, 112.20, 1711145, 1, 1123479, 5746, 1122564
1640541710, 714, 2479, 2484, 5, 1, 9.93%, 0, 7, 60, 548.75, 1714085, 1, 1123844, 5747, 1122564
1640541715, 714, 2480, 2484, 4, 1, 9.93%, 0, 7, 60, 332.93, 1715396, 1, 1124215, 5748, 1122564
1640541725, 714, 2481, 2484, 3, 1, 9.93%, 0, 7, 60, 245.34, 1717887, 1, 1124591, 5749, 1122564
1640541730, 714, 2482, 2484, 2, 1, 9.93%, 0, 7, 60, 245.23, 1719175, 1, 1124971, 5750, 1122564
1640541751, 714, 2482, 2485, 3, 1, 9.93%, 0, 7, 60, 114.07, 1721360, 1, 1125296, 5750, 1125241
1640541756, 714, 2483, 2485, 2, 1, 9.93%, 0, 7, 60, 160.26, 1722382, 1, 1125357, 5751, 1125241
1640541766, 714, 2484, 2485, 1, 0, 9.93%, 0, 7, 60, 55.80, 1724644, 1, 1125740, 5752, 1125241
1640541776, 715, 2426, 2486, 1, 0, 9.93%, 0, 7, 60, 198.57, 1726648, 2, 1126705, 5753, 1126689
1640541781, 715, 2486, 2487, 1, 0, 9.93%, 0, 7, 60, 197.98, 1727590, 1, 1127226, 5755, 1126868
1640541786, 715, 2487, 2489, 2, 0, 9.93%, 0, 7, 60, 132.87, 1728203, 1, 1127603, 5756, 1127277
1640541801, 715, 2488, 2489, 1, 0, 9.93%, 0, 7, 60, 107.48, 1729428, 1, 1127967, 5757, 1127277
1640541806, 716, 2441, 2489, 0, 0, 9.93%, 0, 7, 60, 263.09, 1730952, 2, 1129470, 5761, 1127277
1640541812, 717, 2490, 2492, 2, 0, 9.94%, 0, 7, 60, 243.30, 1732776, 1, 1130997, 5764, 1130704
1640541817, 717, 2491, 2493, 2, 0, 9.94%, 0, 7, 60, 171.90, 1733584, 1, 1131435, 5765, 1131183
1640541822, 718, 2490, 2493, 0, 0, 9.94%, 0, 7, 60, 245.15, 1734840, 2, 1132455, 5767, 1131183
1640541827, 718, 2493, 2494, 1, 0, 9.94%, 0, 7, 60, 1324.52, 1736299, 1, 1133723, 5770, 1133330
1640541832, 720, 2491, 2494, 0, 0, 9.94%, 0, 7, 60, 641.89, 1738757, 2, 1136128, 5775, 1133330
1640541837, 721, 2312, 2495, 0, 0, 9.94%, 0, 7, 60, 570.84, 1741153, 2, 1138271, 5779, 1137772
1640541842, 721, 2444, 2495, 0, 0, 9.94%, 0, 7, 60, 222.71, 1742545, 2, 1139663, 5781, 1137772
1640541847, 722, 2341, 2496, 0, 0, 9.94%, 0, 7, 60, 700.00, 1745949, 2, 1142823, 5786, 1141445
1640541852, 723, 2499, 2501, 2, 1, 9.95%, 0, 7, 60, 999.28, 1751664, 1, 1147522, 5796, 1146590
1640541857, 724, 2497, 2506, 0, 0, 9.95%, 0, 7, 60, 1272.39, 1758296, 2, 1152905, 5807, 1148950
1640541863, 725, 2433, 2507, 0, 0, 9.95%, 0, 7, 60, 1227.16, 1764435, 2, 1158787, 5817, 1155650
1640541868, 725, 2507, 2508, 1, 0, 9.95%, 0, 7, 60, 879.61, 1768145, 1, 1162402, 5824, 1162023
1640541873, 728, 2510, 2512, 2, 0, 9.95%, 0, 7, 60, 1084.25, 1773735, 1, 1167140, 5834, 1167131
1640541878, 730, 2514, 2515, 1, 0, 9.95%, 0, 7, 60, 1124.01, 1779906, 1, 1172243, 5844, 1172082
1640541883, 733, 2295, 2518, 0, 0, 9.95%, 0, 7, 60, 1394.04, 1787163, 2, 1178827, 5854, 1174085
1640541888, 734, 2520, 2521, 1, 0, 9.95%, 0, 7, 60, 1459.39, 1794512, 1, 1185367, 5868, 1184933
1640541893, 736, 2414, 2522, 0, 0, 9.95%, 0, 7, 60, 1246.49, 1800865, 2, 1191291, 5881, 1189219
1640541898, 736, 2348, 2522, 0, 0, 9.95%, 0, 7, 60, 1398.15, 1807857, 2, 1198283, 5894, 1189219
1640541903, 736, 2525, 2529, 4, 0, 9.95%, 0, 7, 60, 1154.92, 1813845, 1, 1203414, 5903, 1203175
1640541908, 736, 2529, 2530, 1, 0, 9.95%, 0, 7, 60, 203.88, 1817128, 1, 1205567, 5907, 1203670
1640541914, 738, 2530, 2531, 1, 0, 9.95%, 0, 7, 60, 619.34, 1820213, 1, 1208376, 5911, 1207966
1640541919, 741, 2290, 2533, 0, 0, 9.95%, 0, 7, 60, 1250.31, 1826851, 2, 1214500, 5921, 1213088
1640541924, 741, 2143, 2533, 0, 0, 9.95%, 0, 7, 60, 1416.87, 1834306, 2, 1221955, 5936, 1213088
1640541929, 742, 2534, 2535, 1, 1, 9.96%, 0, 7, 60, 1507.93, 1841412, 1, 1228744, 5949, 1227870
1640541934, 744, 2537, 2538, 1, 0, 9.96%, 0, 7, 60, 1309.85, 1847773, 1, 1234373, 5959, 1232982
1640541939, 745, 2360, 2539, 1, 0, 9.96%, 0, 7, 60, 1128.09, 1853799, 2, 1240391, 5969, 1240255
1640541944, 748, 2384, 2541, 0, 0, 9.96%, 0, 7, 60, 1383.01, 1860264, 2, 1246216, 5977, 1241706
1640541949, 751, 2204, 2545, 0, 0, 9.96%, 0, 7, 60, 1260.85, 1865492, 2, 1250462, 5984, 1248702
1640541954, 753, 2546, 2547, 1, 1, 9.96%, 0, 7, 60, 1588.41, 1873303, 1, 1257867, 5996, 1257438
1640541959, 757, 2404, 2549, 0, 0, 9.96%, 0, 7, 60, 1377.71, 1880263, 2, 1264339, 6006, 1261796
1640541964, 758, 2018, 2551, 1, 0, 9.96%, 0, 7, 60, 1367.75, 1886766, 2, 1270578, 6018, 1270514
1640541969, 759, 2555, 2557, 2, 1, 9.96%, 0, 7, 60, 1254.33, 1892765, 1, 1275240, 6027, 1275155
1640541974, 760, 1960, 2560, 0, 0, 9.96%, 0, 7, 60, 1448.68, 1900262, 2, 1281716, 6039, 1275755
1640541980, 761, 2561, 2562, 1, 0, 9.96%, 0, 7, 60, 580.95, 1904564, 1, 1284257, 6045, 1283613
1640541985, 762, 2562, 2564, 2, 0, 9.96%, 0, 7, 60, 1150.05, 1910586, 1, 1289671, 6055, 1289330
1640541990, 762, 2564, 2565, 1, 0, 9.96%, 0, 7, 60, 189.00, 1911580, 1, 1290157, 6057, 1289801
1640541995, 764, 2563, 2566, 0, 0, 9.96%, 0, 7, 60, 414.24, 1913751, 2, 1292164, 6060, 1291167
1640542000, 769, 2569, 2573, 0, 0, 9.96%, 0, 7, 60, 1410.96, 1921834, 2, 1299162, 6073, 1297553
1640542005, 772, 2578, 2580, 0, 0, 9.96%, 0, 7, 60, 1561.92, 1929878, 2, 1306128, 6086, 1304308
1640542010, 777, 2585, 2586, 0, 0, 9.97%, 0, 7, 60, 1587.78, 1937872, 2, 1313189, 6098, 1312073
1640542015, 779, 2588, 2589, 1, 0, 9.97%, 0, 7, 60, 1453.57, 1944961, 1, 1319790, 6110, 1319315
1640542020, 783, 2593, 2594, 1, 1, 9.98%, 0, 7, 60, 1344.18, 1951984, 1, 1325851, 6121, 1325046
1640542026, 786, 2599, 2600, 1, 0, 9.99%, 0, 8, 60, 150.48, 1959039, 1, 1331438, 6131, 1331237
1640542031, 788, 2601, 2602, 1, 0, 9.99%, 0, 8, 60, 1533.35, 1967026, 1, 1339117, 6146, 1338705
1640542036, 790, 2607, 2610, 0, 0, 10.00%, 0, 8, 60, 1208.38, 1972945, 2, 1343804, 6156, 1342785
1640542041, 792, 2603, 2612, 0, 0, 10.00%, 0, 8, 60, 1067.39, 1978261, 2, 1348811, 6163, 1346681
1640542047, 792, 2618, 2620, 2, 2, 10.00%, 0, 8, 60, 1217.85, 1984292, 1, 1353756, 6172, 1353136
1640542052, 793, 2615, 2623, 0, 0, 10.00%, 0, 8, 60, 1117.59, 1990616, 2, 1359472, 6183, 1354126
1640542057, 795, 2625, 2626, 1, 0, 10.00%, 0, 8, 60, 1415.13, 1998213, 1, 1366693, 6195, 1366299
1640542062, 799, 1087, 2627, 0, 0, 10.00%, 0, 8, 60, 1359.71, 2005073, 2, 1373122, 6206, 1370196
1640542067, 799, 1928, 2627, 0, 0, 10.00%, 0, 8, 60, 1395.96, 2011676, 2, 1379725, 6220, 1370196
1640542072, 801, 2628, 2630, 2, 1, 10.02%, 0, 8, 60, 1512.27, 2018884, 1, 1386550, 6232, 1386527
1640542077, 803, 1661, 2633, 0, 0, 10.02%, 0, 8, 60, 1637.17, 2025726, 2, 1392603, 6244, 1388937
1640542082, 805, 2635, 2636, 1, 0, 10.02%, 0, 8, 60, 1581.09, 2033704, 1, 1399848, 6256, 1399296
1640542087, 807, 2638, 2641, 0, 0, 10.02%, 0, 8, 60, 1426.38, 2040473, 2, 1405397, 6264, 1403250
1640542093, 811, 2420, 2645, 0, 0, 10.02%, 0, 8, 60, 1476.00, 2048269, 2, 1412301, 6276, 1408804
1640542098, 814, 2576, 2648, 0, 0, 10.02%, 0, 8, 60, 1177.89, 2053583, 2, 1417136, 6283, 1414530
1640542103, 814, 2382, 2648, 0, 0, 10.02%, 0, 8, 60, 1358.19, 2060898, 2, 1424451, 6301, 1414530
1640542108, 815, 2648, 2649, 0, 0, 10.02%, 0, 8, 60, 1214.53, 2067361, 2, 1430759, 6314, 1428921
1640542113, 817, 2653, 2655, 2, 0, 10.02%, 0, 8, 60, 1181.95, 2073117, 1, 1435713, 6322, 1435368
1640542118, 819, 2657, 2660, 0, 0, 10.04%, 0, 8, 60, 122.39, 2078481, 2, 1440119, 6330, 1438467
1640542123, 820, 2653, 2663, 2, 0, 10.04%, 0, 8, 60, 1025.22, 2083204, 2, 1444664, 6336, 1444248
1640542128, 821, 2664, 2665, 1, 0, 10.04%, 0, 8, 60, 946.03, 2088494, 1, 1449353, 6343, 1448695
1640542133, 824, 1820, 2666, 0, 0, 10.04%, 0, 8, 60, 1258.17, 2094787, 2, 1455402, 6355, 1452200
1640542138, 825, 1587, 2667, 0, 0, 10.04%, 0, 8, 60, 1296.49, 2101650, 2, 1462020, 6370, 1460834
1640542144, 827, 2668, 2670, 1, 0, 10.04%, 0, 8, 60, 1312.38, 2107527, 2, 1467369, 6379, 1467286
1640542149, 829, 1210, 2670, 0, 0, 10.04%, 0, 8, 60, 1513.50, 2115301, 2, 1474907, 6396, 1467286
1640542154, 830, 2674, 2675, 1, 1, 10.08%, 0, 8, 60, 1690.19, 2123906, 1, 1482742, 6409, 1482481
1640542159, 832, 1629, 2675, 0, 0, 10.08%, 0, 8, 60, 1595.30, 2131377, 2, 1490212, 6422, 1482481
1640542164, 832, 1399, 2675, 0, 0, 10.08%, 0, 8, 60, 1407.23, 2138131, 2, 1496966, 6436, 1482481
1640542169, 832, 2675, 2677, 2, 0, 10.08%, 0, 8, 60, 1441.54, 2145910, 1, 1504583, 6455, 1504272
1640542174, 835, 1823, 2678, 0, 0, 10.09%, 0, 8, 60, 1042.35, 2150852, 2, 1509219, 6461, 1507767
1640542179, 836, 2679, 2682, 2, 0, 10.10%, 0, 8, 60, 1439.25, 2157723, 2, 1515750, 6472, 1515673
1640542184, 839, 2685, 2686, 0, 0, 10.12%, 0, 8, 60, 1778.26, 2167436, 2, 1524509, 6483, 1520706
1640542189, 842, 2686, 2689, 0, 0, 10.12%, 0, 8, 60, 1734.21, 2176086, 2, 1532696, 6496, 1530506
1640542195, 844, 1176, 2691, 0, 0, 10.12%, 0, 8, 60, 1596.26, 2183568, 2, 1539852, 6509, 1535982
1640542200, 845, 2692, 2695, 3, 0, 10.12%, 0, 8, 60, 1352.52, 2190728, 1, 1546687, 6522, 1546305
1640542205, 847, 2697, 2700, 0, 0, 10.12%, 0, 8, 60, 1498.40, 2197889, 2, 1552751, 6532, 1549034
1640542210, 849, 2703, 2705, 2, 0, 10.12%, 0, 8, 60, 1543.88, 2205623, 1, 1559696, 6541, 1558914
1640542215, 852, 2709, 2711, 0, 0, 10.13%, 0, 8, 60, 1636.46, 2213934, 2, 1566881, 6552, 1566275
1640542220, 853, 1950, 2711, 0, 0, 10.13%, 0, 8, 60, 1465.41, 2220845, 2, 1573791, 6561, 1566275
1640542225, 854, 2711, 2712, 0, 0, 10.13%, 0, 8, 60, 1617.87, 2229407, 2, 1582199, 6581, 1581047
1640542230, 855, 2718, 2721, 3, 1, 10.13%, 0, 8, 60, 1353.85, 2236385, 1, 1588083, 6589, 1587882
1640542235, 856, 2726, 2729, 3, 0, 10.13%, 0, 8, 60, 1286.49, 2242921, 1, 1592955, 6598, 1592448
1640542240, 857, 2733, 2735, 2, 0, 10.13%, 0, 8, 60, 1189.29, 2248702, 1, 1597059, 6606, 1596364
1640542245, 859, 2717, 2739, 1, 0, 10.13%, 0, 8, 60, 1204.40, 2254662, 2, 1602070, 6614, 1601515
1640542251, 861, 2742, 2743, 0, 0, 10.13%, 0, 8, 60, 1117.10, 2260568, 2, 1607213, 6622, 1605210
1640542256, 864, 2745, 2746, 0, 0, 10.13%, 0, 8, 60, 1429.34, 2267735, 2, 1613917, 6630, 1610546
1640542261, 865, 2747, 2748, 1, 0, 10.13%, 0, 8, 60, 234.66, 2271205, 1, 1616899, 6635, 1616065
1640542266, 867, 2750, 2751, 1, 0, 10.14%, 0, 8, 60, 774.79, 2274135, 1, 1619302, 6640, 1619179
1640542271, 869, 2751, 2752, 1, 0, 10.14%, 0, 8, 60, 753.98, 2278259, 1, 1623065, 6645, 1622330
1640542276, 872, 2753, 2754, 1, 0, 10.14%, 0, 8, 60, 791.99, 2282975, 1, 1627506, 6651, 1627286
1640542281, 873, 2754, 2755, 1, 0, 10.14%, 0, 8, 60, 458.55, 2284795, 1, 1628995, 6653, 1628896
1640542286, 875, 2735, 2756, 1, 0, 10.14%, 0, 8, 60, 557.23, 2287262, 2, 1631417, 6655, 1630513
1640542291, 876, 2761, 2762, 1, 0, 10.14%, 0, 8, 60, 1087.41, 2293637, 1, 1636133, 6664, 1635254
1640542296, 880, 2760, 2768, 4, 0, 10.15%, 0, 8, 60, 180.26, 2298874, 2, 1640936, 6671, 1640907
1640542301, 880, 2771, 2778, 8, 2, 10.15%, 0, 8, 60, 1187.02, 2303839, 1, 1644302, 6679, 1643728
1640542306, 880, 2781, 2783, 3, 0, 10.15%, 0, 8, 60, 1469.44, 2311299, 1, 1649668, 6689, 1648366
1640626628, 881, 2767, 2783, 1, 0, 10.15%, 0, 8, 60, 0.00, 2312180, 1, 1650369, 66780067, 1648366
