# unix_time, cycles_done, cur_path, paths_total, pending_total, pending_favs, map_size, unique_crashes, unique_hangs, max_depth, execs_per_sec, total_execs, state, total_fuzz, total_select, total_energy_used
1640539920, 0, 0, 1, 1, 1, 2.77%, 0, 0, 1, 533.33, 8, 0, 0, 0, 1
1640539925, 0, 44, 156, 112, 48, 4.14%, 0, 0, 3, 1627.45, 9203, 1, 1712, 44, 1693
1640539930, 0, 78, 173, 95, 39, 4.19%, 0, 0, 3, 1912.85, 15789, 1, 2256, 78, 2200
1640539935, 0, 121, 191, 70, 30, 4.23%, 0, 0, 3, 232.39, 23892, 1, 2944, 121, 2945
1640539941, 0, 172, 209, 37, 18, 4.35%, 0, 0, 4, 327.23, 32797, 1, 3805, 172, 3782
1640539946, 0, 211, 218, 7, 4, 4.46%, 0, 0, 5, 1237.29, 39773, 1, 4492, 211, 4476
1640539951, 12, 244, 245, 1, 0, 4.57%, 0, 0, 6, 1462.44, 47813, 1, 7008, 320, 6979
1640539957, 22, 259, 260, 1, 1, 4.59%, 0, 0, 7, 1268.23, 51384, 1, 8204, 364, 8167
1640539962, 34, 293, 294, 1, 0, 4.80%, 0, 0, 12, 1725.83, 58508, 1, 9999, 425, 9949
1640539967, 51, 313, 314, 1, 1, 4.93%, 0, 0, 13, 1503.66, 64606, 1, 12610, 499, 12569
1640539972, 57, 334, 336, 2, 2, 5.10%, 0, 1, 13, 1368.66, 69267, 1, 13707, 531, 13688
1640539977, 69, 358, 359, 1, 1, 5.18%, 0, 1, 13, 1580.26, 75457, 1, 16043, 586, 16018
1640539982, 72, 378, 385, 7, 2, 5.79%, 0, 1, 14, 790.90, 79889, 1, 16990, 609, 16977
1640539987, 73, 402, 406, 4, 2, 5.82%, 0, 1, 20, 895.94, 84522, 1, 17786, 634, 17776
1640539993, 81, 429, 430, 1, 0, 6.09%, 0, 1, 20, 33.61, 90504, 1, 19387, 677, 19358
1640539998, 86, 447, 450, 3, 1, 6.16%, 0, 1, 20, 1194.88, 94401, 1, 20514, 707, 20472
1640540003, 86, 469, 471, 2, 0, 6.16%, 0, 2, 26, 1196.57, 98796, 1, 21273, 729, 21260
1640540008, 90, 493, 494, 1, 0, 6.22%, 0, 2, 27, 1077.70, 103889, 1, 22508, 763, 22492
1640540013, 96, 516, 517, 1, 0, 6.24%, 0, 2, 27, 1110.09, 108812, 1, 23789, 799, 23736
1640540018, 107, 504, 536, 0, 0, 6.32%, 0, 2, 27, 1253.03, 113562, 2, 25502, 838, 25385
1640540023, 119, 457, 561, 1, 0, 6.38%, 0, 2, 27, 1222.20, 119582, 2, 27826, 881, 27814
1640540028, 135, 583, 584, 1, 0, 6.49%, 0, 2, 27, 1292.52, 126380, 1, 30953, 942, 30860
1640540033, 150, 606, 607, 1, 1, 6.55%, 0, 2, 27, 1428.25, 133523, 1, 34532, 1007, 34474
1640540038, 168, 602, 621, 0, 0, 6.63%, 0, 2, 27, 1612.45, 142005, 2, 40744, 1100, 40490
1640540043, 185, 637, 638, 1, 0, 6.63%, 0, 2, 27, 1743.18, 150205, 1, 46307, 1191, 46270
1640540049, 189, 75, 644, 0, 0, 6.63%, 0, 2, 27, 1075.24, 152719, 2, 47676, 1211, 46992
1640540054, 198, 651, 660, 1, 0, 6.73%, 0, 2, 27, 1405.27, 160777, 2, 52948, 1288, 52907
1640540059, 204, 667, 668, 1, 1, 6.79%, 0, 2, 27, 1270.87, 163954, 1, 54396, 1304, 54352
1640540064, 216, 680, 682, 2, 1, 6.83%, 0, 2, 27, 1523.59, 170842, 1, 59021, 1404, 58972
1640540070, 223, 694, 695, 1, 0, 6.96%, 0, 3, 27, 80.04, 176026, 1, 62106, 1455, 62006
1640540075, 230, 703, 708, 0, 0, 6.98%, 0, 3, 27, 1305.79, 182189, 2, 66253, 1497, 65674
1640540080, 236, 728, 731, 3, 1, 7.04%, 0, 3, 28, 1545.78, 190008, 1, 70747, 1544, 70705
1640540085, 246, 754, 757, 3, 2, 7.40%, 0, 3, 32, 1498.03, 197666, 1, 74514, 1587, 74476
1640540091, 246, 793, 796, 3, 2, 7.51%, 0, 3, 44, 1692.62, 206670, 1, 77504, 1626, 77383
1640540096, 246, 831, 848, 17, 3, 7.53%, 0, 3, 48, 1763.22, 215625, 1, 80386, 1664, 80289
1640540101, 246, 866, 880, 14, 3, 7.57%, 0, 3, 50, 1525.35, 223588, 1, 82995, 1699, 82996
1640540106, 246, 889, 894, 5, 0, 7.58%, 0, 3, 52, 1122.43, 228801, 1, 84730, 1722, 84621
1640540111, 252, 906, 907, 1, 0, 7.75%, 0, 3, 55, 1384.17, 235609, 1, 89028, 1764, 88863
1640540116, 259, 920, 921, 1, 0, 7.79%, 0, 3, 55, 1869.11, 242494, 1, 93635, 1811, 93542
1640540121, 263, 936, 943, 7, 1, 7.80%, 0, 3, 59, 1227.90, 248161, 1, 96724, 1842, 96686
1640540126, 263, 957, 965, 8, 3, 7.83%, 0, 3, 62, 1060.31, 253173, 1, 98500, 1863, 98356
1640540131, 263, 981, 984, 3, 0, 7.86%, 0, 3, 65, 1102.25, 258599, 1, 100290, 1887, 100141
1640540136, 268, 997, 998, 1, 0, 7.89%, 0, 3, 68, 1095.06, 263298, 1, 102580, 1913, 102552
1640540141, 270, 1020, 1023, 3, 0, 8.16%, 0, 3, 68, 1414.95, 270506, 1, 106130, 1946, 105969
1640540146, 279, 878, 1041, 0, 0, 8.19%, 0, 3, 69, 1296.50, 276836, 2, 109389, 1983, 109084
1640540152, 283, 1049, 1059, 0, 0, 8.19%, 0, 3, 72, 1128.58, 281878, 2, 111654, 2006, 111364
1640540157, 289, 1070, 1072, 2, 0, 8.25%, 0, 3, 72, 1433.00, 289737, 1, 117560, 2060, 117506
1640540162, 293, 1085, 1093, 8, 2, 8.26%, 0, 3, 72, 213.25, 296178, 1, 121565, 2098, 121468
1640540167, 293, 1101, 1109, 8, 3, 8.28%, 0, 3, 72, 1074.69, 299985, 1, 122858, 2114, 122592
1640540172, 296, 1126, 1128, 2, 0, 8.28%, 0, 3, 72, 1314.87, 307158, 1, 126151, 2146, 125984
1640540177, 301, 1141, 1143, 2, 1, 8.35%, 0, 3, 72, 1408.76, 314342, 1, 130979, 2189, 130908
1640540182, 308, 1149, 1150, 1, 1, 8.36%, 0, 3, 72, 732.70, 318667, 1, 134051, 2217, 134026
1640540187, 311, 1168, 1171, 3, 0, 8.37%, 0, 3, 72, 1128.57, 324780, 1, 137294, 2248, 136876
1640540192, 317, 1184, 1185, 1, 1, 8.38%, 0, 3, 72, 1169.41, 331060, 1, 141124, 2283, 141103
1640540197, 327, 1192, 1193, 0, 0, 8.39%, 0, 3, 72, 1441.09, 338427, 2, 147292, 2324, 146765
1640540203, 335, 1201, 1202, 1, 0, 8.39%, 0, 3, 72, 1097.70, 344319, 1, 151786, 2358, 151671
1640540208, 340, 972, 1209, 0, 0, 8.40%, 0, 3, 72, 984.88, 348676, 2, 155064, 2388, 153011
1640540213, 345, 1213, 1217, 0, 0, 8.41%, 0, 3, 72, 1221.13, 355544, 2, 160699, 2431, 160067
1640540219, 351, 1223, 1225, 1, 0, 8.48%, 0, 4, 72, 51.69, 362044, 2, 166116, 2475, 166092
1640540224, 356, 1227, 1229, 2, 1, 8.48%, 0, 4, 72, 70.93, 365888, 1, 169316, 2499, 169316
1640540229, 361, 1234, 1240, 0, 0, 8.48%, 0, 4, 72, 1122.57, 371323, 2, 172907, 2523, 172282
1640540234, 369, 767, 1249, 0, 0, 8.50%, 0, 4, 72, 1526.97, 377832, 2, 178030, 2561, 177558
1640540239, 371, 1250, 1251, 1, 1, 8.50%, 0, 4, 72, 1077.21, 382901, 1, 182911, 2600, 182857
1640540245, 371, 1266, 1270, 4, 2, 8.93%, 0, 4, 72, 1510.00, 387768, 1, 184841, 2616, 184604
1640540250, 371, 1282, 1288, 6, 3, 9.01%, 0, 5, 72, 1789.09, 392039, 1, 186535, 2632, 186436
1640540255, 375, 1302, 1303, 1, 0, 9.36%, 0, 5, 72, 130.62, 398223, 1, 189463, 2659, 189303
1640540260, 380, 1317, 1318, 1, 0, 9.41%, 0, 5, 72, 1256.27, 404309, 1, 193145, 2686, 193052
1640540265, 381, 1335, 1336, 1, 1, 9.42%, 0, 5, 72, 1695.40, 410187, 1, 196260, 2712, 196103
1640540270, 386, 1349, 1350, 1, 1, 9.42%, 0, 5, 72, 793.68, 415524, 1, 199475, 2739, 199401
1640540275, 389, 1362, 1363, 1, 0, 9.44%, 0, 5, 72, 890.31, 420155, 1, 201959, 2759, 201864
1640540281, 395, 1370, 1372, 1, 0, 9.44%, 0, 5, 72, 27.86, 425954, 1, 206216, 2787, 205909
1640540286, 400, 1369, 1380, 1, 0, 9.44%, 0, 5, 72, 1518.53, 431141, 2, 210261, 2808, 210146
1640540291, 404, 1389, 1391, 2, 1, 9.48%, 0, 5, 72, 1246.77, 436636, 1, 213942, 2829, 213880
1640540296, 411, 1383, 1401, 0, 0, 9.48%, 0, 5, 72, 1511.82, 444717, 2, 220257, 2863, 219160
1640540301, 420, 1412, 1413, 1, 1, 9.49%, 0, 5, 72, 1607.25, 452702, 1, 226463, 2897, 226440
1640540306, 425, 1428, 1429, 1, 0, 9.77%, 0, 5, 72, 1164.49, 460222, 1, 231344, 2926, 231135
1640540311, 428, 1442, 1443, 1, 1, 9.79%, 0, 5, 72, 1690.63, 466188, 1, 235031, 2949, 234691
1640540316, 435, 1447, 1452, 0, 0, 9.83%, 0, 5, 72, 686.42, 471196, 2, 238622, 2968, 238008
1640540321, 443, 1466, 1467, 0, 0, 9.84%, 0, 5, 72, 1247.35, 478281, 2, 243355, 2994, 242945
1640540326, 450, 1476, 1478, 0, 0, 9.87%, 0, 5, 72, 1435.43, 485471, 2, 248831, 3023, 248444
1640540332, 457, 1484, 1485, 1, 0, 9.88%, 0, 5, 72, 1256.37, 492056, 1, 254287, 3055, 254076
1640540337, 464, 1491, 1492, 0, 0, 9.89%, 0, 5, 73, 1224.24, 498136, 2, 259289, 3085, 258720
1640540342, 467, 631, 1493, 0, 0, 9.89%, 0, 5, 73, 281.82, 501851, 2, 262836, 3107, 261452
1640540347, 472, 1496, 1497, 1, 0, 9.89%, 0, 5, 73, 1577.19, 508968, 1, 269346, 3150, 269239
1640540352, 478, 1501, 1502, 1, 1, 9.89%, 0, 5, 73, 1317.89, 515620, 1, 275207, 3180, 274773
1640540357, 484, 710, 1507, 0, 0, 9.92%, 0, 5, 73, 1921.00, 522224, 2, 281000, 3211, 279414
1640540362, 489, 1004, 1512, 1, 0, 9.92%, 0, 5, 73, 1767.93, 530748, 2, 288900, 3257, 288885
1640540367, 495, 1521, 1522, 1, 0, 10.00%, 0, 5, 73, 614.29, 537193, 1, 293649, 3276, 293496
1640540373, 501, 1526, 1527, 1, 1, 10.01%, 0, 5, 73, 1298.92, 544566, 1, 300384, 3317, 300171
1640540378, 508, 1529, 1531, 1, 0, 10.01%, 0, 5, 73, 1495.12, 551960, 2, 307307, 3354, 307282
1640540383, 513, 1534, 1535, 0, 0, 10.03%, 0, 5, 73, 1658.65, 560302, 2, 314786, 3399, 314121
1640540388, 520, 621, 1540, 0, 0, 10.03%, 0, 5, 73, 1772.74, 569501, 2, 323214, 3453, 322165
1640540393, 524, 1543, 1545, 0, 0, 10.04%, 0, 5, 73, 1775.70, 578369, 2, 331272, 3509, 330710
1640540398, 531, 290, 1554, 1, 0, 10.04%, 0, 5, 73, 1815.99, 585568, 2, 337218, 3534, 337182
1640540403, 535, 1561, 1562, 1, 0, 10.05%, 0, 5, 73, 1648.89, 594176, 1, 344436, 3586, 343936
1640540408, 542, 1566, 1567, 1, 0, 10.06%, 0, 5, 73, 1843.17, 603286, 1, 352811, 3633, 352780
1640540413, 548, 95, 1569, 0, 0, 10.06%, 0, 5, 73, 634.75, 608215, 2, 357320, 3658, 356548
1640540418, 554, 309, 1576, 0, 0, 10.07%, 0, 5, 73, 1566.01, 617285, 2, 365181, 3714, 364039
1640540423, 560, 28, 1581, 0, 0, 10.08%, 0, 5, 73, 1789.85, 626684, 2, 373777, 3793, 372183
1640540428, 562, 1585, 1588, 3, 1, 10.12%, 0, 5, 73, 460.41, 633651, 1, 379741, 3848, 379723
1640540433, 562, 1591, 1592, 1, 1, 10.15%, 0, 5, 73, 684.20, 636176, 1, 381090, 3854, 380076
1640540439, 564, 429, 1599, 0, 0, 10.18%, 0, 6, 73, 836.88, 640197, 2, 383718, 3878, 382726
1640540444, 566, 1603, 1604, 1, 0, 10.19%, 0, 6, 73, 1508.07, 646587, 1, 389210, 3910, 388996
1640540449, 571, 1182, 1607, 0, 0, 10.19%, 0, 6, 73, 1410.04, 650577, 2, 392737, 3926, 392330
1640540454, 572, 1611, 1615, 4, 1, 10.20%, 0, 6, 73, 1254.98, 656516, 1, 397863, 3946, 397762
1640540459, 573, 479, 1621, 0, 0, 10.20%, 0, 6, 73, 948.73, 660791, 2, 400669, 3957, 399274
1640540464, 575, 856, 1626, 0, 0, 10.20%, 0, 6, 73, 1226.83, 666578, 2, 405685, 3988, 404743
1640540469, 575, 1626, 1627, 1, 0, 10.20%, 0, 6, 73, 277.35, 670790, 1, 409772, 4007, 409420
1640540475, 579, 1258, 1631, 0, 0, 10.21%, 0, 6, 73, 1100.44, 677327, 2, 415660, 4033, 413918
1640540480, 580, 1184, 1632, 0, 0, 10.21%, 0, 6, 73, 428.35, 680699, 2, 418870, 4045, 417938
1640540485, 580, 1633, 1634, 1, 0, 10.21%, 0, 6, 73, 1050.68, 686545, 1, 424410, 4067, 424002
1640540490, 582, 828, 1635, 0, 0, 10.21%, 0, 6, 73, 1334.09, 693364, 2, 431075, 4096, 430120
1640540495, 584, 1353, 1640, 0, 0, 10.22%, 0, 7, 73, 1893.69, 699572, 2, 436514, 4118, 434278
1640540500, 585, 1645, 1647, 2, 1, 10.23%, 0, 7, 73, 1100.91, 704063, 1, 440130, 4136, 439687
1640540505, 586, 1651, 1652, 1, 0, 10.23%, 0, 7, 73, 203.83, 707379, 1, 442370, 4144, 442190
1640540510, 590, 1659, 1661, 2, 0, 10.33%, 0, 7, 73, 878.99, 712538, 1, 446206, 4158, 445869
1640540515, 593, 1581, 1670, 0, 0, 10.33%, 0, 7, 73, 1412.94, 718920, 2, 450976, 4178, 449243
1640540520, 597, 1674, 1675, 1, 1, 10.35%, 0, 7, 73, 1583.77, 727050, 1, 458290, 4208, 458172
1640540526, 600, 1690, 1692, 2, 0, 10.35%, 0, 7, 73, 1934.94, 737257, 1, 463878, 4231, 463825
1640540531, 602, 1495, 1693, 0, 0, 10.35%, 0, 8, 73, 50.98, 744513, 2, 468403, 4249, 465202
1640540536, 602, 1695, 1697, 2, 1, 10.35%, 0, 8, 73, 1087.70, 750329, 1, 472041, 4264, 471770
1640540541, 603, 1700, 1702, 2, 1, 10.44%, 0, 8, 73, 1019.15, 754937, 1, 473657, 4271, 473290
1640540547, 608, 1050, 1706, 0, 0, 10.44%, 0, 8, 73, 1253.85, 761234, 2, 478984, 4290, 477615
1640540552, 609, 1709, 1712, 0, 0, 10.44%, 0, 8, 73, 1085.03, 766340, 2, 481659, 4301, 480345
1640540557, 610, 1716, 1717, 1, 0, 10.47%, 0, 9, 73, 214.93, 769029, 1, 483633, 4308, 483615
1640540562, 612, 1725, 1726, 1, 0, 10.47%, 0, 9, 73, 1010.64, 774713, 1, 487799, 4322, 487388
1640540567, 616, 1604, 1731, 1, 0, 10.47%, 0, 9, 73, 1552.56, 781302, 2, 493658, 4346, 491567
1640540572, 620, 1733, 1734, 1, 1, 10.48%, 0, 9, 73, 1451.97, 788558, 1, 500294, 4370, 500076
1640540577, 622, 1747, 1748, 1, 0, 10.48%, 0, 9, 73, 1239.94, 795320, 1, 504970, 4388, 504501
1640540582, 625, 1751, 1755, 1, 0, 10.48%, 0, 9, 73, 867.88, 799105, 2, 507749, 4399, 507436
1640540587, 627, 1756, 1757, 1, 0, 10.48%, 0, 9, 73, 1211.50, 804725, 1, 512983, 4416, 512875
1640540592, 631, 1381, 1760, 0, 0, 10.48%, 0, 9, 73, 1428.62, 810407, 2, 518116, 4434, 517469
1640540597, 631, 995, 1760, 0, 0, 10.48%, 0, 9, 73, 1032.76, 814500, 2, 522206, 4451, 517469
1640540602, 633, 1764, 1765, 1, 0, 10.48%, 0, 9, 73, 1076.81, 820078, 1, 526977, 4465, 526550
1640540608, 637, 1766, 1768, 2, 1, 10.48%, 0, 9, 73, 901.00, 823945, 1, 530515, 4474, 530448
1640540613, 641, 1771, 1772, 0, 0, 10.48%, 0, 9, 73, 1138.63, 830691, 2, 536470, 4493, 535308
1640540618, 647, 1774, 1782, 0, 0, 10.48%, 0, 9, 73, 1465.18, 838227, 2, 542460, 4514, 541412
1640540623, 647, 1786, 1793, 7, 1, 10.50%, 0, 9, 73, 1370.58, 844099, 1, 547521, 4535, 547363
1640540628, 647, 1799, 1804, 5, 0, 10.50%, 0, 9, 73, 1160.08, 849541, 1, 550964, 4548, 550393
1640540633, 650, 1789, 1810, 0, 0, 10.51%, 0, 9, 73, 1114.15, 855252, 2, 555167, 4564, 554303
1640540638, 653, 1815, 1816, 1, 0, 10.51%, 0, 9, 73, 1031.37, 860631, 1, 559622, 4579, 559435
1640540644, 657, 1308, 1821, 0, 0, 10.51%, 0, 9, 73, 1444.65, 868739, 2, 566958, 4605, 565547
1640540649, 660, 1377, 1825, 0, 0, 10.53%, 0, 9, 73, 1449.78, 875940, 2, 573516, 4624, 570315
1640540654, 664, 1830, 1836, 1, 0, 10.54%, 0, 9, 73, 1747.81, 884594, 2, 580622, 4642, 580008
1640540659, 666, 1338, 1837, 0, 0, 10.55%, 0, 9, 73, 1383.17, 891733, 2, 587461, 4661, 586149
1640540664, 671, 1781, 1841, 1, 0, 10.55%, 0, 9, 73, 1758.03, 899563, 2, 594796, 4680, 594716
1640540669, 675, 1313, 1843, 0, 0, 10.55%, 0, 9, 73, 810.00, 905236, 2, 599990, 4697, 596870
1640540674, 678, 1347, 1847, 1, 0, 10.57%, 0, 9, 73, 1306.23, 912747, 2, 607009, 4720, 606872
1640540680, 682, 1849, 1850, 1, 1, 10.57%, 0, 9, 73, 1426.29, 920050, 1, 613765, 4740, 613715
1640540685, 688, 1855, 1856, 0, 0, 10.59%, 0, 9, 73, 1775.39, 929449, 2, 622425, 4760, 620689
1640540690, 691, 980, 1857, 0, 0, 10.59%, 0, 9, 73, 1662.25, 935848, 2, 628624, 4778, 626657
1640540695, 695, 1861, 1868, 0, 0, 10.59%, 0, 9, 73, 1677.87, 944180, 2, 635152, 4795, 634212
1640540700, 696, 1870, 1871, 1, 0, 10.59%, 0, 9, 73, 794.82, 947364, 1, 637978, 4802, 637739
1640540705, 699, 1872, 1873, 1, 0, 10.59%, 0, 9, 73, 1037.87, 951975, 1, 642138, 4813, 641641
1640540710, 704, 1882, 1883, 1, 0, 10.59%, 0, 9, 73, 965.52, 958964, 1, 647579, 4830, 647403
1640540715, 708, 1446, 1886, 0, 0, 10.59%, 0, 9, 73, 1378.86, 966627, 2, 654716, 4848, 650242
1640540720, 711, 1892, 1893, 1, 1, 10.59%, 0, 9, 73, 1148.80, 971563, 1, 658608, 4860, 658080
1640540725, 717, 1897, 1898, 1, 1, 10.60%, 0, 9, 73, 1419.25, 978485, 1, 664684, 4876, 664592
1640540730, 720, 1902, 1903, 1, 0, 10.60%, 0, 9, 73, 1451.61, 985574, 1, 671006, 4900, 670699
1640540736, 724, 1480, 1907, 0, 0, 10.61%, 0, 9, 73, 1183.11, 991262, 2, 675984, 4915, 673675
1640540741, 727, 1889, 1910, 0, 0, 10.61%, 0, 9, 73, 1713.70, 1000598, 2, 684845, 4941, 683934
1640540746, 728, 1817, 1913, 0, 0, 10.61%, 0, 9, 73, 1695.29, 1009233, 2, 693018, 4961, 690796
1640540751, 732, 1916, 1918, 1, 0, 10.62%, 0, 9, 73, 1437.28, 1017034, 2, 700194, 4982, 700046
1640540756, 733, 1922, 1924, 2, 0, 10.62%, 0, 9, 73, 63.23, 1020557, 1, 702879, 4989, 702879
1640540777, 734, 1923, 1924, 0, 0, 10.62%, 0, 9, 73, 736.82, 1024379, 2, 705084, 4994, 702879
1640540782, 735, 1791, 1924, 0, 0, 10.62%, 0, 9, 73, 796.31, 1028819, 2, 709524, 5009, 702879
1640540787, 737, 1926, 1928, 2, 1, 10.62%, 0, 9, 73, 1101.30, 1035152, 1, 715369, 5026, 715172
1640540792, 741, 1930, 1933, 1, 0, 10.62%, 0, 9, 73, 654.42, 1042042, 2, 721487, 5043, 721248
1640540798, 743, 1936, 1938, 2, 0, 10.62%, 0, 9, 73, 859.23, 1046365, 1, 725039, 5053, 724687
1640540803, 745, 1941, 1942, 1, 0, 10.62%, 0, 9, 73, 184.33, 1051962, 1, 729946, 5066, 729766
1640540808, 747, 825, 1942, 0, 0, 10.62%, 0, 9, 73, 1703.86, 1056859, 2, 734756, 5079, 729766
1640540813, 748, 1948, 1950, 2, 0, 10.66%, 0, 9, 73, 1666.26, 1064862, 1, 741673, 5097, 741595
1640540818, 752, 1155, 1952, 0, 0, 10.66%, 0, 9, 73, 1606.61, 1073068, 2, 749422, 5116, 743111
1640540823, 755, 1955, 1957, 2, 1, 10.67%, 0, 9, 73, 1415.01, 1079375, 1, 755057, 5130, 754969
1640540829, 758, 1964, 1965, 0, 0, 10.67%, 0, 9, 73, 1329.47, 1086945, 2, 761233, 5145, 759773
1640540834, 759, 1590, 1965, 0, 0, 10.67%, 0, 9, 73, 1295.71, 1092098, 2, 766385, 5159, 759773
1640540839, 761, 1966, 1967, 1, 0, 10.67%, 0, 9, 73, 1620.71, 1100442, 1, 774420, 5180, 773877
1640540844, 762, 1976, 1978, 2, 0, 10.71%, 0, 9, 73, 1603.96, 1106510, 1, 778905, 5191, 777523
1640540849, 765, 1984, 1986, 2, 0, 10.71%, 0, 9, 73, 1280.83, 1112994, 1, 784111, 5202, 784010
1640540854, 769, 1990, 1991, 1, 1, 10.71%, 0, 9, 73, 1459.58, 1120056, 1, 790231, 5214, 789759
1640540859, 771, 1991, 1994, 0, 0, 10.71%, 0, 9, 73, 830.06, 1123721, 2, 793398, 5221, 792633
1640540864, 774, 1984, 2002, 0, 0, 10.72%, 0, 9, 73, 1222.58, 1130251, 2, 798668, 5236, 797615
1640540869, 776, 2003, 2004, 1, 0, 10.72%, 0, 9, 73, 1194.38, 1135238, 1, 803322, 5246, 803246
1640540875, 778, 1588, 2006, 1, 0, 10.73%, 0, 9, 73, 601.12, 1138268, 2, 806178, 5253, 805844
1640540880, 780, 1809, 2006, 0, 0, 10.73%, 0, 9, 73, 1142.48, 1145149, 2, 812850, 5275, 805844
1640540885, 782, 2007, 2008, 0, 0, 10.73%, 0, 9, 73, 1251.03, 1151631, 2, 818999, 5289, 818001
1640540890, 783, 2018, 2025, 7, 2, 10.73%, 0, 9, 73, 1407.87, 1158726, 1, 824362, 5302, 824192
1640540895, 783, 2030, 2038, 8, 0, 10.73%, 0, 9, 73, 1348.64, 1165224, 1, 828954, 5314, 828771
1640540900, 783, 2039, 2042, 3, 0, 10.73%, 0, 9, 73, 836.25, 1169568, 1, 831897, 5323, 831669
1640540905, 785, 2046, 2047, 1, 0, 10.73%, 0, 9, 73, 1004.10, 1175090, 1, 836437, 5336, 835828
1640540910, 788, 2047, 2049, 0, 0, 10.73%, 0, 9, 73, 1228.61, 1181104, 2, 842065, 5350, 838485
1640540915, 788, 2052, 2054, 2, 0, 10.73%, 0, 9, 73, 1184.11, 1187332, 1, 847706, 5362, 847289
1640540920, 788, 2058, 2062, 4, 0, 10.73%, 0, 9, 73, 622.40, 1190985, 1, 850240, 5368, 850210
1640540926, 789, 2057, 2063, 0, 0, 10.73%, 0, 9, 73, 876.98, 1195872, 2, 854487, 5378, 850961
1640540931, 791, 2066, 2068, 2, 0, 10.73%, 0, 9, 73, 875.41, 1200326, 1, 858278, 5386, 857858
1640540936, 793, 2069, 2070, 1, 0, 10.75%, 0, 9, 73, 1011.77, 1204748, 1, 862225, 5395, 861520
1640540941, 794, 2010, 2074, 0, 0, 10.75%, 0, 9, 73, 1072.77, 1209604, 2, 866460, 5406, 863343
1640540946, 794, 2075, 2080, 5, 0, 10.75%, 0, 9, 73, 1295.60, 1216115, 1, 872639, 5417, 872584
1640540951, 795, 2086, 2091, 1, 0, 10.75%, 0, 9, 73, 1478.63, 1223826, 2, 878268, 5432, 878119
1640540956, 797, 2102, 2103, 1, 0, 10.75%, 0, 9, 73, 1448.79, 1231371, 1, 883853, 5448, 882862
1640540961, 798, 2116, 2121, 5, 2, 10.88%, 0, 9, 73, 1403.63, 1238379, 1, 888689, 5463, 888209
1640540966, 800, 2124, 2125, 0, 0, 10.88%, 0, 9, 73, 1356.13, 1245350, 2, 894487, 5481, 891740
1640540971, 801, 2092, 2126, 1, 0, 10.88%, 0, 9, 73, 1798.85, 1252116, 2, 901245, 5494, 901087
1640540976, 802, 2080, 2126, 0, 0, 10.88%, 0, 9, 73, 1567.83, 1259833, 2, 908818, 5509, 901087
1640540981, 802, 2130, 2131, 1, 0, 10.88%, 0, 9, 73, 539.08, 1263508, 1, 911744, 5515, 911065
1640540986, 804, 2083, 2131, 0, 0, 10.88%, 0, 9, 73, 907.69, 1268057, 2, 916292, 5525, 911065
1640540992, 805, 2131, 2133, 1, 0, 10.88%, 0, 9, 73, 1585.23, 1277189, 2, 925262, 5543, 924929
1640540997, 805, 2140, 2142, 2, 1, 10.91%, 0, 9, 73, 317.66, 1283696, 1, 928914, 5552, 928242
1640541002, 807, 2149, 2151, 2, 0, 10.91%, 0, 9, 73, 1125.03, 1290198, 1, 933480, 5564, 933411
1640541007, 809, 2139, 2157, 0, 0, 10.91%, 0, 9, 73, 258.46, 1297444, 2, 938741, 5578, 935777
1640541012, 811, 2141, 2158, 0, 0, 10.91%, 0, 9, 73, 533.40, 1300536, 2, 941676, 5583, 939339
1640541017, 815, 2155, 2161, 0, 0, 10.92%, 0, 9, 73, 1113.96, 1307413, 2, 948090, 5594, 943687
1640541023, 818, 1646, 2163, 0, 0, 10.92%, 0, 9, 73, 1268.52, 1314527, 2, 953252, 5608, 951826
1640541028, 820, 1914, 2165, 0, 0, 10.92%, 0, 9, 73, 1465.07, 1322330, 2, 960720, 5630, 954219
1640541033, 824, 2170, 2174, 4, 0, 10.93%, 0, 9, 73, 1758.79, 1331461, 1, 969000, 5645, 968883
1640541038, 826, 2173, 2178, 0, 0, 10.95%, 0, 9, 73, 1670.00, 1340681, 2, 977044, 5659, 973465
1640541043, 827, 2184, 2187, 3, 3, 10.99%, 0, 9, 73, 1622.09, 1348873, 1, 984113, 5681, 982974
1640541048, 830, 2195, 2197, 2, 0, 11.05%, 0, 9, 73, 1675.12, 1357690, 1, 991172, 5695, 990949
1640541053, 834, 2206, 2208, 2, 0, 11.05%, 0, 9, 73, 1476.37, 1365580, 1, 997355, 5710, 997274
1640541059, 839, 2216, 2217, 1, 0, 11.05%, 0, 9, 73, 1633.07, 1373547, 1, 1003682, 5727, 1003358
1640541064, 843, 2224, 2225, 1, 1, 11.05%, 0, 9, 73, 1724.99, 1382360, 1, 1011234, 5744, 1010626
1640541069, 848, 2229, 2230, 1, 0, 11.06%, 0, 9, 73, 1804.30, 1391478, 1, 1019655, 5761, 1019318
1640541074, 850, 2235, 2237, 2, 0, 11.06%, 0, 9, 73, 1096.32, 1396433, 1, 1023555, 5771, 1023104
1640541079, 855, 2223, 2242, 0, 0, 11.06%, 0, 9, 73, 1510.13, 1403404, 2, 1029552, 5784, 1027638
1640541084, 858, 2206, 2246, 0, 0, 11.07%, 0, 9, 73, 1642.52, 1412023, 2, 1037555, 5801, 1036875
1640541089, 859, 2250, 2251, 1, 0, 11.08%, 0, 10, 73, 1523.11, 1417537, 1, 1042266, 5810, 1041480
1640541094, 863, 2235, 2253, 0, 0, 11.08%, 0, 10, 73, 1328.54, 1424014, 2, 1048434, 5821, 1045086
1640541099, 863, 2255, 2256, 1, 1, 11.13%, 0, 10, 73, 510.85, 1428069, 1, 1051830, 5831, 1051016
1640541104, 863, 2258, 2267, 9, 3, 11.13%, 0, 10, 73, 621.91, 1430144, 1, 1053121, 5834, 1053051
1640541109, 863, 2262, 2270, 9, 3, 11.13%, 0, 10, 73, 617.33, 1432610, 1, 1054611, 5838, 1054255
1640541114, 863, 2267, 2272, 7, 1, 11.13%, 0, 10, 73, 270.48, 1434750, 1, 1055932, 5843, 1055184
1640541119, 863, 2270, 2276, 8, 2, 11.13%, 0, 10, 73, 477.40, 1437133, 1, 1057289, 5846, 1056903
1640541125, 863, 2274, 2281, 9, 1, 11.13%, 0, 10, 73, 481.13, 1439728, 1, 1058868, 5850, 1058568
1640541130, 863, 2280, 2286, 8, 1, 11.13%, 0, 10, 73, 655.38, 1443027, 1, 1060880, 5856, 1060302
1640541135, 863, 2283, 2287, 6, 1, 11.13%, 0, 10, 73, 370.19, 1445376, 1, 1062274, 5859, 1061484
1640541140, 863, 2292, 2297, 7, 1, 11.13%, 0, 10, 73, 1229.76, 1451089, 1, 1065750, 5868, 1065460
1640626628, 864, 2259, 2302, 2, 0, 11.13%, 0, 10, 73, 0.00, 1456857, 1, 1069339, 83437084, 1068280
