# unix_time, cycles_done, cur_path, paths_total, pending_total, pending_favs, map_size, unique_crashes, unique_hangs, max_depth, execs_per_sec, total_execs, state, total_fuzz, total_select, total_energy_used
1641004060, 0, 0, 1, 1, 1, 2.77%, 0, 0, 1, 1000.00, 8, 0, 0, 0, 1
1641004065, 0, 31, 141, 110, 47, 4.17%, 0, 0, 3, 1791.10, 7229, 1, 1504, 31, 1501
1641004071, 0, 70, 165, 95, 39, 4.26%, 0, 0, 3, 1475.81, 14580, 1, 2128, 70, 2123
1641004076, 0, 95, 172, 77, 33, 4.32%, 0, 0, 3, 981.92, 19461, 1, 2528, 95, 2501
1641004081, 0, 124, 184, 60, 29, 4.37%, 0, 0, 3, 921.72, 24209, 1, 2992, 124, 2949
1641004086, 0, 157, 196, 39, 21, 4.41%, 0, 0, 4, 1114.69, 30168, 1, 3562, 157, 3430
1641004091, 0, 186, 202, 16, 10, 4.61%, 0, 0, 4, 486.64, 35234, 1, 4067, 186, 4006
1641004096, 0, 212, 215, 3, 1, 4.62%, 0, 0, 6, 641.61, 39961, 1, 4563, 212, 4512
1641004102, 6, 233, 235, 2, 2, 4.82%, 0, 0, 7, 992.49, 44175, 1, 5459, 254, 5419
1641004107, 10, 245, 246, 1, 0, 4.84%, 0, 0, 7, 614.62, 46798, 1, 6035, 279, 6015
1641004112, 20, 170, 265, 1, 0, 4.88%, 0, 0, 7, 1079.89, 51672, 2, 7580, 338, 7568
1641004117, 28, 288, 291, 3, 1, 4.98%, 0, 0, 9, 1027.69, 56830, 1, 8599, 383, 8575
1641004122, 42, 309, 310, 1, 0, 5.09%, 0, 0, 9, 1067.23, 62040, 1, 10384, 448, 10359
1641004127, 49, 326, 330, 4, 0, 5.12%, 0, 0, 10, 923.95, 66233, 1, 11687, 481, 11653
1641004132, 50, 342, 343, 1, 0, 5.13%, 0, 0, 14, 780.62, 69364, 1, 12292, 498, 12271
1641004138, 59, 358, 359, 1, 0, 5.23%, 0, 0, 15, 1141.63, 73268, 1, 13587, 532, 13550
1641004143, 73, 385, 387, 2, 2, 5.29%, 0, 0, 20, 1156.86, 79151, 1, 15241, 582, 15229
1641004148, 81, 402, 405, 3, 0, 5.57%, 0, 0, 21, 1074.85, 84109, 1, 17510, 636, 17494
1641004153, 90, 314, 417, 0, 0, 5.58%, 0, 0, 21, 1070.12, 89251, 2, 20452, 704, 19877
1641004158, 100, 305, 422, 0, 0, 5.58%, 0, 0, 21, 111.39, 92279, 2, 22775, 756, 22344
1641004164, 109, 132, 434, 2, 0, 5.66%, 0, 0, 21, 1240.75, 96737, 2, 25586, 823, 25579
1641004169, 118, 443, 444, 1, 1, 5.70%, 0, 0, 21, 1259.72, 103094, 1, 30049, 899, 29833
1641004174, 126, 390, 452, 0, 0, 5.73%, 0, 1, 21, 1012.61, 106953, 2, 32557, 956, 32378
1641004179, 135, 465, 467, 2, 0, 5.81%, 0, 1, 21, 209.79, 112263, 1, 35528, 993, 35446
1641004184, 145, 476, 477, 1, 0, 5.81%, 0, 1, 21, 994.75, 117066, 1, 38520, 1036, 38422
1641004189, 152, 488, 489, 1, 0, 5.85%, 0, 2, 21, 1335.20, 121366, 1, 40995, 1070, 40958
1641004194, 159, 500, 501, 1, 0, 5.94%, 0, 2, 21, 1111.63, 126893, 1, 44640, 1117, 44517
1641004199, 165, 517, 525, 8, 3, 6.30%, 0, 2, 21, 1116.37, 132419, 1, 47350, 1150, 47333
1641004204, 165, 535, 543, 8, 3, 6.33%, 0, 2, 21, 1014.93, 136601, 1, 48720, 1168, 48659
1641004210, 165, 553, 556, 3, 0, 6.33%, 0, 2, 21, 168.46, 140812, 1, 49951, 1186, 49770
1641004215, 170, 549, 562, 0, 0, 6.34%, 0, 2, 21, 333.00, 144012, 2, 51871, 1206, 51283
1641004220, 172, 580, 597, 17, 5, 6.61%, 0, 2, 21, 845.32, 149061, 1, 53848, 1229, 53839
1641004225, 172, 599, 619, 20, 4, 6.61%, 0, 2, 21, 840.44, 153280, 1, 55114, 1248, 55100
1641004230, 172, 618, 635, 17, 5, 6.66%, 0, 2, 21, 445.92, 157466, 1, 56514, 1267, 56492
1641004235, 172, 637, 655, 18, 4, 6.68%, 0, 2, 21, 774.02, 161735, 1, 57733, 1286, 57686
1641004240, 172, 653, 664, 11, 2, 6.72%, 0, 2, 22, 654.63, 165196, 1, 58892, 1302, 58829
1641004245, 172, 664, 674, 10, 1, 6.73%, 0, 2, 23, 682.68, 167824, 1, 59713, 1313, 59684
1641004250, 172, 679, 687, 8, 2, 6.74%, 0, 2, 25, 668.91, 171107, 1, 60715, 1328, 60592
1641004255, 172, 692, 701, 9, 1, 6.74%, 0, 2, 27, 607.40, 174100, 1, 61682, 1341, 61653
1641004260, 172, 706, 713, 7, 2, 7.17%, 0, 2, 29, 757.82, 177099, 1, 62540, 1355, 62534
1641004265, 172, 719, 728, 9, 4, 7.24%, 0, 2, 31, 721.30, 180105, 1, 63520, 1368, 63441
1641004270, 172, 731, 754, 23, 10, 7.41%, 0, 2, 32, 608.18, 182928, 1, 64394, 1380, 64370
1641004275, 172, 745, 774, 29, 11, 7.46%, 0, 2, 33, 628.57, 186170, 1, 65418, 1394, 65412
1641004281, 172, 759, 792, 33, 13, 7.48%, 0, 2, 34, 634.72, 189100, 1, 66140, 1408, 66129
1641004286, 172, 774, 810, 36, 12, 7.54%, 0, 2, 34, 596.39, 192276, 1, 66976, 1423, 66952
1641004291, 172, 787, 822, 35, 15, 7.57%, 0, 2, 35, 562.88, 194978, 1, 67674, 1436, 67602
1641004296, 172, 804, 836, 32, 10, 7.59%, 0, 2, 35, 382.03, 198491, 1, 68640, 1453, 68615
1641004301, 172, 818, 848, 30, 9, 7.59%, 0, 2, 35, 595.77, 201630, 1, 69598, 1467, 69587
1641004306, 172, 833, 863, 30, 6, 7.60%, 0, 2, 36, 596.43, 204866, 1, 70533, 1482, 70390
1641004311, 172, 847, 874, 27, 4, 7.71%, 0, 2, 36, 673.62, 207842, 1, 71429, 1496, 71425
1641004317, 172, 860, 888, 28, 6, 7.71%, 0, 2, 37, 1034.52, 210603, 1, 72285, 1509, 72251
1641004322, 172, 874, 902, 28, 6, 7.71%, 0, 2, 37, 844.21, 213618, 1, 73053, 1523, 72980
1641004327, 172, 888, 914, 26, 6, 7.73%, 0, 2, 38, 657.67, 216582, 1, 73820, 1537, 73792
1641004332, 172, 903, 923, 20, 6, 7.74%, 0, 2, 38, 752.07, 219765, 1, 74730, 1552, 74570
1641004337, 172, 917, 930, 13, 4, 7.74%, 0, 2, 39, 684.12, 222903, 1, 75764, 1566, 75731
1641004342, 172, 933, 940, 7, 2, 7.74%, 0, 2, 40, 710.62, 226394, 1, 76831, 1582, 76754
1641004347, 172, 941, 954, 13, 2, 7.74%, 0, 2, 42, 782.44, 228291, 1, 77441, 1590, 77431
1641004352, 172, 955, 963, 8, 1, 7.74%, 0, 2, 43, 787.51, 231210, 1, 78253, 1604, 78223
1641004357, 172, 971, 980, 9, 1, 7.74%, 0, 2, 46, 715.42, 234672, 1, 79224, 1620, 79180
1641004363, 173, 612, 991, 0, 0, 7.75%, 0, 2, 48, 884.60, 238991, 2, 80673, 1642, 80311
1641004368, 177, 995, 996, 1, 0, 7.75%, 0, 2, 48, 812.94, 243079, 1, 84077, 1682, 84006
1641004373, 181, 904, 1000, 0, 0, 7.75%, 0, 2, 48, 695.03, 246459, 2, 86849, 1712, 85989
1641004378, 185, 961, 1005, 0, 0, 7.76%, 0, 2, 48, 612.13, 249604, 2, 89219, 1737, 88579
1641004383, 189, 1014, 1015, 1, 0, 7.76%, 0, 2, 49, 6.22, 252944, 1, 91019, 1758, 90991
1641004388, 193, 1010, 1019, 0, 0, 7.77%, 0, 2, 49, 696.32, 254706, 2, 92154, 1768, 91892
1641004393, 196, 1026, 1027, 1, 1, 7.77%, 0, 2, 50, 553.61, 257393, 1, 93611, 1782, 93578
1641004399, 200, 1038, 1041, 3, 2, 7.78%, 0, 2, 51, 661.51, 261044, 1, 95391, 1800, 95318
1641004404, 205, 1017, 1053, 0, 0, 7.78%, 0, 2, 54, 786.84, 265331, 2, 97531, 1825, 97153
1641004409, 212, 1062, 1063, 1, 0, 7.79%, 0, 2, 54, 778.81, 268726, 1, 99468, 1845, 99376
1641004414, 216, 607, 1066, 0, 0, 7.79%, 0, 2, 54, 719.61, 272418, 2, 102612, 1876, 101596
1641004419, 218, 972, 1070, 1, 0, 7.80%, 0, 2, 54, 680.37, 275253, 2, 104972, 1900, 104496
1641004424, 224, 702, 1072, 0, 0, 7.80%, 0, 2, 54, 634.26, 277737, 2, 106991, 1920, 105959
1641004429, 225, 1078, 1080, 2, 0, 7.80%, 0, 2, 54, 583.26, 280807, 1, 108975, 1942, 108938
1641004434, 227, 958, 1081, 0, 0, 7.80%, 0, 2, 54, 652.71, 284089, 2, 111953, 1969, 108977
1641004440, 228, 1084, 1087, 3, 2, 7.83%, 0, 2, 54, 335.46, 285579, 1, 112806, 1977, 112767
1641004445, 229, 1092, 1093, 1, 0, 7.84%, 0, 2, 54, 704.03, 287617, 1, 113627, 1986, 113483
1641004450, 234, 1095, 1096, 0, 0, 7.84%, 0, 2, 54, 796.37, 290905, 2, 116446, 2014, 116285
1641004455, 238, 1098, 1100, 1, 0, 7.84%, 0, 2, 54, 890.97, 294513, 2, 119592, 2045, 119285
1641004460, 243, 1106, 1107, 1, 1, 7.93%, 0, 2, 54, 52.41, 298661, 1, 122508, 2071, 122377
1641004465, 245, 1119, 1126, 7, 4, 7.96%, 0, 2, 54, 724.30, 302302, 1, 124199, 2088, 124198
1641004470, 245, 1142, 1145, 3, 1, 8.00%, 0, 2, 54, 1023.99, 307915, 1, 126204, 2111, 125768
1641004475, 246, 1167, 1169, 2, 1, 8.00%, 0, 2, 59, 1185.82, 314297, 1, 128760, 2137, 128713
1641004481, 251, 1165, 1177, 0, 0, 8.00%, 0, 2, 62, 1052.65, 318963, 2, 132048, 2167, 131405
1641004486, 254, 1179, 1180, 0, 0, 8.00%, 0, 2, 64, 664.83, 322211, 2, 134831, 2190, 134516
1641004491, 261, 1190, 1191, 0, 0, 8.03%, 0, 2, 64, 887.68, 327016, 2, 137945, 2217, 137752
1641004496, 263, 1203, 1207, 4, 4, 8.21%, 0, 2, 64, 900.32, 331594, 1, 140603, 2239, 140553
1641004501, 264, 1220, 1224, 4, 4, 8.33%, 0, 2, 64, 891.76, 336200, 1, 142476, 2257, 142474
1641004506, 265, 1239, 1243, 4, 1, 8.35%, 0, 2, 67, 942.66, 341010, 1, 144376, 2277, 144309
1641004511, 265, 1258, 1260, 2, 2, 8.39%, 0, 2, 71, 875.40, 345532, 1, 146080, 2296, 145910
1641004516, 268, 1194, 1269, 0, 0, 8.40%, 0, 2, 75, 887.25, 349899, 2, 148799, 2321, 147955
1641004521, 272, 1235, 1274, 0, 0, 8.40%, 0, 2, 75, 889.61, 354431, 2, 152560, 2353, 151952
1641004526, 274, 1277, 1279, 2, 0, 8.40%, 0, 2, 75, 777.04, 358373, 1, 155886, 2389, 155737
1641004531, 279, 1287, 1289, 1, 0, 8.40%, 0, 2, 75, 859.23, 362432, 2, 158389, 2408, 158377
1641004537, 282, 1294, 1295, 0, 0, 8.40%, 0, 2, 75, 711.83, 365987, 2, 160870, 2429, 160632
1641004542, 286, 1300, 1301, 1, 1, 8.41%, 0, 2, 75, 805.22, 370250, 1, 164352, 2457, 164242
1641004547, 288, 1304, 1306, 2, 1, 8.41%, 0, 2, 75, 866.52, 374426, 1, 167760, 2483, 167696
1641004552, 293, 1317, 1320, 3, 1, 8.42%, 0, 2, 76, 914.71, 379098, 1, 170441, 2504, 170314
1641004557, 295, 1322, 1332, 0, 0, 8.42%, 0, 2, 82, 921.83, 383693, 2, 172879, 2524, 172580
1641004562, 299, 1338, 1339, 1, 1, 8.44%, 0, 2, 82, 685.44, 387821, 1, 175925, 2546, 175870
1641004567, 304, 1344, 1345, 1, 0, 8.44%, 0, 2, 82, 157.18, 391544, 1, 178712, 2565, 178574
1641004572, 307, 1230, 1346, 0, 0, 8.44%, 0, 2, 82, 763.56, 396151, 2, 183165, 2601, 179235
1641004577, 308, 741, 1347, 0, 0, 8.44%, 0, 2, 82, 932.89, 401142, 2, 188002, 2636, 187103
1641004582, 311, 1349, 1350, 1, 0, 8.44%, 0, 2, 82, 820.57, 405174, 1, 191572, 2660, 191485
1641004587, 314, 1354, 1356, 2, 1, 8.52%, 0, 2, 82, 1061.47, 409495, 1, 195113, 2686, 194979
1641004592, 319, 1361, 1362, 1, 0, 8.54%, 0, 2, 82, 1105.44, 414667, 1, 199187, 2722, 199118
1641004597, 325, 1368, 1369, 1, 0, 8.55%, 0, 2, 82, 1025.74, 419794, 1, 203222, 2749, 203136
1641004602, 328, 1370, 1371, 1, 1, 8.56%, 0, 2, 82, 390.00, 423438, 1, 206557, 2773, 206193
1641004608, 334, 392, 1373, 0, 0, 8.56%, 0, 2, 82, 914.09, 428409, 2, 211198, 2802, 210180
1641004613, 339, 1379, 1380, 0, 0, 8.56%, 0, 2, 82, 1094.40, 433726, 2, 215435, 2827, 215050
1641004618, 340, 1389, 1390, 1, 1, 8.78%, 0, 3, 82, 474.63, 437002, 1, 217168, 2840, 216318
1641004623, 343, 1393, 1394, 1, 0, 8.81%, 0, 3, 82, 588.86, 440546, 1, 220093, 2855, 219784
1641004628, 346, 333, 1395, 0, 0, 8.81%, 0, 4, 82, 360.53, 442474, 2, 221863, 2866, 220412
1641004633, 349, 1402, 1403, 1, 0, 8.91%, 0, 4, 82, 839.27, 447302, 1, 225551, 2890, 225540
1641004638, 353, 1414, 1421, 7, 3, 8.97%, 0, 4, 82, 892.66, 452068, 1, 228410, 2907, 228327
1641004643, 353, 1431, 1443, 12, 2, 8.98%, 0, 4, 82, 940.71, 456864, 1, 230538, 2924, 230488
1641004649, 353, 1449, 1461, 12, 1, 8.99%, 0, 4, 82, 952.01, 461680, 1, 232614, 2942, 232601
1641004654, 353, 1466, 1474, 8, 1, 8.99%, 0, 4, 82, 966.62, 466555, 1, 234876, 2959, 234665
1641004659, 355, 1455, 1478, 1, 0, 8.99%, 0, 4, 82, 1047.97, 472006, 2, 238822, 2983, 238606
1641004664, 362, 1407, 1485, 0, 0, 8.99%, 0, 4, 82, 996.35, 476926, 2, 242517, 3005, 242271
1641004669, 363, 1427, 1488, 0, 0, 8.99%, 0, 4, 82, 1101.33, 482706, 2, 245826, 3023, 243787
1641004674, 364, 1423, 1490, 0, 0, 8.99%, 0, 4, 82, 1121.37, 488477, 2, 250255, 3047, 247470
1641004679, 367, 1411, 1498, 0, 0, 8.99%, 0, 4, 82, 470.56, 494604, 2, 255131, 3073, 253405
1641004684, 367, 1503, 1512, 9, 3, 9.32%, 0, 4, 82, 646.75, 498301, 1, 256763, 3085, 256626
1641004689, 367, 1507, 1514, 7, 0, 9.32%, 0, 4, 82, 908.41, 501096, 1, 257529, 3089, 257394
1641004694, 367, 1509, 1515, 6, 0, 9.32%, 0, 4, 82, 415.77, 503257, 1, 257673, 3091, 257602
1641004700, 367, 1511, 1517, 6, 0, 9.32%, 0, 4, 82, 689.28, 507226, 1, 257956, 3093, 257877
1641004705, 367, 1514, 1519, 5, 0, 9.32%, 0, 4, 82, 694.92, 510147, 1, 258364, 3096, 258321
1641004710, 367, 1516, 1523, 7, 0, 9.32%, 0, 4, 82, 614.68, 513102, 1, 258631, 3098, 258452
1641004715, 367, 1518, 1523, 5, 0, 9.32%, 0, 4, 82, 699.55, 516852, 1, 258906, 3100, 258452
1641004720, 367, 1520, 1524, 4, 0, 9.32%, 0, 4, 82, 551.89, 519691, 1, 259193, 3102, 259181
1641004725, 367, 1521, 1525, 4, 0, 9.32%, 0, 4, 82, 445.34, 521802, 1, 259354, 3103, 259181
1641004730, 367, 1522, 1526, 4, 0, 9.38%, 0, 4, 82, 4.61, 523224, 1, 259601, 3104, 259584
1641004735, 367, 1525, 1526, 1, 0, 9.38%, 0, 4, 82, 566.00, 526207, 1, 259908, 3107, 259584
1641004741, 367, 1526, 1528, 2, 0, 9.38%, 0, 4, 82, 477.83, 528272, 1, 260052, 3108, 260034
1641004746, 367, 1529, 1535, 6, 0, 9.38%, 0, 4, 82, 701.64, 532008, 1, 260473, 3111, 260264
1641004751, 367, 1532, 1535, 3, 0, 9.38%, 0, 4, 82, 826.52, 536362, 1, 260899, 3114, 260264
1641004756, 367, 1536, 1539, 3, 0, 9.38%, 0, 4, 82, 792.80, 540779, 1, 261491, 3118, 261476
1641004761, 367, 1538, 1542, 4, 0, 9.38%, 0, 4, 82, 805.54, 544458, 1, 261794, 3120, 261712
1641004766, 367, 1543, 1544, 1, 0, 9.38%, 0, 4, 82, 1213.10, 551031, 1, 262585, 3125, 262004
1641004771, 368, 1549, 1550, 1, 1, 9.42%, 0, 4, 82, 367.73, 552930, 1, 263619, 3133, 263575
1641004776, 372, 1562, 1563, 1, 1, 9.60%, 0, 4, 82, 886.59, 557768, 1, 266178, 3154, 266136
1641004781, 376, 1575, 1577, 2, 1, 9.65%, 0, 4, 82, 1085.91, 563312, 1, 269613, 3180, 269410
1641004787, 379, 1585, 1587, 2, 0, 9.65%, 0, 5, 82, 1238.60, 568046, 1, 272685, 3196, 272610
1641004792, 380, 1599, 1601, 2, 1, 9.73%, 0, 5, 82, 1130.03, 573546, 1, 275200, 3213, 275071
1641004797, 384, 1613, 1615, 0, 0, 9.74%, 0, 5, 82, 1094.40, 579291, 2, 278073, 3233, 277665
1641004802, 388, 1625, 1627, 2, 0, 9.74%, 0, 5, 82, 1179.08, 585325, 1, 282259, 3256, 282176
1641004807, 393, 1533, 1631, 0, 0, 9.74%, 0, 5, 82, 1180.31, 590502, 2, 286538, 3279, 285928
1641004812, 397, 1635, 1636, 0, 0, 9.75%, 0, 5, 82, 1038.81, 595318, 2, 290411, 3299, 290012
1641004817, 399, 1648, 1651, 3, 1, 9.75%, 0, 5, 82, 1137.69, 601190, 1, 294239, 3321, 294061
1641004822, 399, 1666, 1670, 4, 0, 9.75%, 0, 5, 82, 1048.10, 606390, 1, 296773, 3339, 296506
1641004827, 403, 1677, 1678, 1, 1, 9.75%, 0, 5, 82, 1066.05, 611638, 1, 300163, 3359, 300052
1641004832, 406, 1661, 1685, 0, 0, 9.75%, 0, 5, 82, 955.63, 616242, 2, 303590, 3379, 303211
1641004838, 412, 1660, 1693, 0, 0, 9.77%, 0, 5, 82, 1048.95, 621336, 2, 307449, 3396, 307033
1641004843, 413, 1696, 1698, 2, 0, 9.77%, 0, 6, 82, 987.28, 624492, 1, 309303, 3406, 309241
1641004848, 414, 1700, 1704, 0, 0, 9.78%, 0, 6, 82, 951.32, 628491, 2, 310684, 3414, 310014
1641004853, 419, 1612, 1714, 1, 0, 9.79%, 0, 6, 82, 1031.89, 633723, 2, 314374, 3436, 314203
1641004858, 427, 1718, 1720, 1, 0, 9.79%, 0, 6, 82, 1005.04, 638815, 2, 318514, 3454, 317796
1641004863, 430, 1629, 1721, 0, 0, 9.79%, 0, 6, 82, 904.46, 642945, 2, 322312, 3471, 320587
1641004868, 433, 1722, 1723, 0, 0, 9.79%, 0, 6, 82, 489.25, 647095, 2, 325123, 3483, 324830
1641004873, 438, 1534, 1728, 0, 0, 9.79%, 0, 6, 82, 954.68, 652401, 2, 329540, 3501, 328399
1641004878, 442, 1274, 1732, 0, 0, 9.80%, 0, 6, 82, 1003.20, 657552, 2, 333838, 3523, 332273
1641004883, 446, 1736, 1737, 0, 0, 9.83%, 0, 6, 82, 955.25, 662621, 2, 337129, 3539, 336483
1641004888, 450, 1739, 1740, 0, 0, 9.83%, 0, 6, 82, 1108.73, 668572, 2, 342615, 3572, 342003
1641004893, 455, 163, 1742, 0, 0, 9.83%, 0, 6, 82, 980.96, 673477, 2, 347211, 3604, 346292
1641004898, 462, 1433, 1747, 0, 0, 9.83%, 0, 6, 82, 1146.25, 679615, 2, 352574, 3632, 350992
1641004903, 464, 1520, 1751, 0, 0, 9.83%, 0, 6, 82, 1182.82, 684249, 2, 356423, 3653, 353582
1641004908, 467, 1755, 1758, 3, 2, 9.85%, 0, 6, 82, 1175.51, 689942, 1, 361349, 3686, 361226
1641004914, 470, 1766, 1767, 1, 1, 9.87%, 0, 6, 82, 1208.76, 696115, 1, 365646, 3703, 365337
1641004919, 472, 196, 1768, 1, 0, 9.87%, 0, 6, 82, 1195.68, 702218, 2, 371741, 3738, 371715
1641004924, 477, 528, 1770, 0, 0, 9.87%, 0, 6, 82, 1105.29, 707984, 2, 376979, 3778, 374871
1641004929, 482, 168, 1775, 0, 0, 9.90%, 0, 6, 82, 1245.90, 714317, 2, 382512, 3814, 380799
1641004934, 484, 67, 1776, 0, 0, 9.90%, 0, 6, 82, 1495.00, 719949, 2, 387990, 3860, 386317
1641004939, 487, 1507, 1778, 0, 0, 9.92%, 0, 6, 82, 212.39, 726055, 2, 393787, 3914, 391132
1641004944, 489, 11, 1786, 0, 0, 9.93%, 0, 6, 82, 1077.07, 732748, 2, 399190, 3942, 395771
1641004949, 491, 1787, 1788, 1, 1, 9.96%, 0, 6, 82, 931.48, 735744, 1, 401624, 3962, 401377
1641004954, 493, 1515, 1788, 0, 0, 9.96%, 0, 6, 82, 1084.60, 738648, 2, 403099, 3974, 401377
1641004960, 495, 1514, 1791, 0, 0, 9.96%, 0, 6, 82, 169.30, 744111, 2, 408039, 3988, 406407
1641004965, 495, 730, 1791, 0, 0, 9.96%, 0, 6, 82, 49.87, 749615, 2, 413542, 4058, 406407
1641004970, 496, 976, 1794, 0, 0, 9.96%, 0, 6, 82, 639.79, 753014, 2, 416478, 4074, 415518
1641004975, 497, 1798, 1799, 1, 0, 9.96%, 0, 6, 82, 707.52, 756776, 1, 419558, 4092, 419087
1641004980, 498, 1803, 1804, 1, 0, 9.96%, 0, 6, 82, 756.26, 760413, 1, 422331, 4103, 421990
1641004986, 500, 1808, 1809, 1, 0, 9.96%, 0, 6, 82, 752.93, 763968, 1, 425109, 4112, 424892
1641004991, 503, 1793, 1812, 0, 0, 9.98%, 0, 6, 82, 755.41, 768106, 2, 428764, 4125, 428429
1641004996, 505, 1806, 1815, 0, 0, 9.98%, 0, 6, 82, 611.36, 771109, 2, 431305, 4133, 430076
1641005001, 505, 1818, 1819, 1, 0, 9.98%, 0, 6, 82, 593.60, 774113, 1, 433675, 4142, 433511
1641005006, 509, 1079, 1822, 0, 0, 9.99%, 0, 6, 82, 713.07, 777599, 2, 436698, 4155, 434929
1641005011, 511, 1083, 1823, 0, 0, 9.99%, 0, 6, 82, 737.51, 781208, 2, 440153, 4171, 437644
1641005016, 514, 1036, 1825, 0, 0, 9.99%, 0, 6, 82, 776.33, 785150, 2, 443787, 4185, 443142
1641005021, 514, 975, 1825, 0, 0, 9.99%, 0, 6, 82, 832.52, 789260, 2, 447897, 4200, 443142
1641005026, 514, 1003, 1825, 0, 0, 9.99%, 0, 6, 82, 686.78, 792685, 2, 451320, 4216, 443142
1641005031, 515, 877, 1832, 0, 0, 10.00%, 0, 6, 82, 913.08, 798019, 2, 455412, 4234, 452865
1641005036, 516, 1834, 1837, 3, 0, 10.00%, 0, 6, 82, 557.26, 800856, 1, 456981, 4243, 456881
1641005042, 516, 1835, 1839, 4, 1, 10.00%, 0, 6, 82, 409.01, 802618, 1, 457224, 4244, 457057
1641005047, 516, 1836, 1844, 8, 2, 10.00%, 0, 6, 82, 231.66, 803975, 1, 457458, 4245, 457439
1641005052, 516, 1837, 1844, 7, 2, 10.00%, 0, 6, 82, 338.51, 805789, 1, 457691, 4246, 457439
1641005057, 516, 1838, 1845, 7, 2, 10.00%, 0, 6, 82, 308.43, 807420, 1, 457926, 4247, 457859
1641005062, 516, 1840, 1847, 7, 0, 10.00%, 0, 6, 82, 381.64, 809393, 1, 458383, 4249, 458015
1641005067, 516, 1841, 1848, 7, 0, 10.00%, 0, 6, 82, 348.71, 811130, 1, 458611, 4250, 458513
1641005072, 516, 1842, 1848, 6, 0, 10.00%, 0, 6, 82, 342.04, 812902, 1, 458834, 4251, 458513
1641005077, 516, 1843, 1849, 6, 0, 10.00%, 0, 6, 82, 344.93, 814661, 1, 459060, 4252, 458904
1641005087, 516, 1844, 1849, 5, 0, 10.00%, 0, 6, 82, 258.39, 817408, 1, 459278, 4253, 458904
1641005093, 516, 1845, 1852, 7, 0, 10.00%, 0, 6, 82, 237.56, 818786, 1, 459498, 4254, 459384
1641005098, 516, 1846, 1853, 7, 0, 10.00%, 0, 6, 82, 267.78, 820137, 1, 459713, 4255, 459528
1641005103, 516, 1847, 1854, 7, 1, 10.00%, 0, 6, 82, 327.76, 821851, 1, 459918, 4256, 459816
1641005108, 516, 1848, 1854, 6, 1, 10.00%, 0, 6, 82, 352.38, 823615, 1, 460119, 4257, 459816
1641005113, 516, 1850, 1854, 4, 1, 10.00%, 0, 6, 82, 368.67, 825421, 1, 460532, 4259, 459816
1641005118, 516, 1851, 1854, 3, 1, 10.00%, 0, 6, 82, 383.04, 827349, 1, 460744, 4260, 459816
1641005123, 516, 1852, 1855, 3, 1, 10.00%, 0, 6, 82, 370.74, 829239, 1, 460959, 4261, 460918
1641005128, 516, 1854, 1856, 2, 1, 10.00%, 0, 6, 82, 398.72, 831353, 1, 461390, 4263, 461218
1641005133, 516, 1855, 1857, 2, 1, 10.00%, 0, 6, 82, 391.06, 833390, 1, 461598, 4264, 461411
1641005138, 516, 1857, 1858, 1, 0, 10.00%, 0, 6, 82, 393.82, 835440, 1, 462000, 4266, 461948
1641005143, 516, 1858, 1859, 1, 0, 10.00%, 0, 6, 82, 400.33, 837442, 1, 462201, 4267, 462123
1641005149, 516, 1859, 1861, 2, 0, 10.00%, 0, 6, 82, 129.46, 839046, 1, 462400, 4268, 462264
1641005154, 516, 1861, 1863, 2, 0, 10.00%, 0, 6, 82, 323.98, 840992, 1, 462774, 4270, 462687
1641005159, 516, 1862, 1864, 2, 0, 10.00%, 0, 6, 82, 369.70, 842895, 1, 462953, 4271, 462938
1641005164, 516, 1863, 1865, 2, 0, 10.00%, 0, 6, 82, 340.72, 844617, 1, 463172, 4272, 463119
1641005169, 516, 1865, 1867, 2, 0, 10.00%, 0, 6, 82, 398.20, 846560, 1, 463508, 4274, 463381
1641005174, 516, 1866, 1868, 2, 0, 10.00%, 0, 6, 82, 393.18, 848586, 1, 463691, 4275, 463641
1641005179, 516, 1868, 1869, 1, 0, 10.00%, 0, 6, 82, 20.41, 850487, 1, 464061, 4277, 463994
1641005184, 517, 1870, 1871, 1, 1, 10.01%, 0, 6, 82, 614.44, 853431, 1, 465745, 4283, 465571
1641005189, 519, 1809, 1874, 1, 0, 10.01%, 0, 6, 82, 598.08, 856571, 2, 468568, 4299, 468425
1641005194, 521, 1159, 1879, 0, 0, 10.06%, 0, 6, 82, 805.06, 861111, 2, 472082, 4316, 471612
1641005200, 521, 1820, 1879, 0, 0, 10.06%, 0, 6, 82, 692.02, 864727, 2, 475697, 4332, 471612
1641005205, 522, 1882, 1883, 1, 0, 10.06%, 0, 6, 82, 614.08, 867789, 1, 478132, 4342, 477817
1641005210, 526, 1883, 1887, 0, 0, 10.07%, 0, 6, 82, 596.60, 870805, 2, 480530, 4352, 479618
1641005215, 526, 1891, 1893, 2, 0, 10.12%, 0, 6, 82, 30.58, 873429, 1, 482365, 4361, 482053
1641005220, 527, 1890, 1898, 0, 0, 10.12%, 0, 6, 82, 529.68, 876052, 2, 484065, 4368, 483701
1641005225, 529, 1749, 1900, 0, 0, 10.12%, 0, 6, 82, 669.06, 879726, 2, 487431, 4383, 486501
1641005230, 530, 1905, 1908, 3, 0, 10.15%, 0, 6, 85, 807.61, 883963, 1, 490674, 4395, 490453
1641005236, 532, 1913, 1914, 1, 0, 10.15%, 0, 6, 87, 857.82, 888412, 1, 493885, 4407, 493459
1641005241, 534, 1918, 1921, 2, 0, 10.19%, 0, 6, 87, 613.67, 891240, 2, 495846, 4414, 495760
1641005246, 534, 1923, 1926, 3, 1, 10.20%, 0, 6, 87, 432.30, 893154, 1, 496932, 4419, 496811
1641005251, 535, 1449, 1926, 0, 0, 10.20%, 0, 6, 87, 612.84, 895201, 2, 498661, 4428, 496811
1641005256, 535, 1929, 1932, 3, 0, 10.20%, 0, 6, 87, 859.75, 898999, 1, 501826, 4442, 501768
1641005261, 538, 1747, 1934, 0, 0, 10.20%, 0, 6, 87, 846.05, 903220, 2, 505447, 4459, 503026
1641005266, 540, 676, 1936, 0, 0, 10.21%, 0, 6, 87, 909.54, 907853, 2, 509770, 4478, 506761
1641005271, 541, 1938, 1944, 6, 0, 10.21%, 0, 6, 87, 187.72, 910460, 1, 511874, 4486, 511859
1641005276, 541, 1943, 1951, 8, 1, 10.21%, 0, 6, 87, 80.27, 912411, 1, 513031, 4491, 512935
1641005281, 541, 1948, 1954, 6, 0, 10.21%, 0, 6, 87, 375.51, 914255, 1, 514133, 4496, 513758
1641005286, 541, 1952, 1961, 9, 0, 10.21%, 0, 6, 87, 374.22, 915997, 1, 515223, 4500, 514997
1641005292, 541, 1957, 1963, 6, 1, 10.22%, 0, 6, 87, 208.46, 917644, 1, 516162, 4505, 515946
1641005297, 541, 1959, 1963, 4, 1, 10.22%, 0, 6, 87, 285.71, 918710, 1, 516819, 4507, 515946
1641005302, 542, 1958, 1964, 0, 0, 10.22%, 0, 6, 87, 448.06, 921198, 2, 518715, 4514, 517226
1641005307, 543, 1954, 1965, 0, 0, 10.22%, 0, 6, 87, 434.48, 923015, 2, 520372, 4520, 518848
1641005312, 546, 1968, 1970, 2, 1, 10.22%, 0, 6, 87, 746.70, 926762, 1, 523471, 4533, 523230
1641005317, 548, 1974, 1975, 1, 0, 10.22%, 0, 6, 87, 608.97, 930225, 1, 525429, 4542, 525297
1641005322, 550, 1957, 1975, 0, 0, 10.22%, 0, 6, 87, 261.22, 931671, 2, 526407, 4544, 525297
1641005327, 551, 1913, 1976, 0, 0, 10.22%, 0, 6, 87, 478.84, 934256, 2, 528833, 4552, 526685
1641005332, 554, 647, 1978, 0, 0, 10.23%, 0, 6, 87, 847.31, 937459, 2, 531639, 4564, 530935
1641005337, 554, 1568, 1978, 0, 0, 10.23%, 0, 6, 87, 776.45, 940350, 2, 534529, 4578, 530935
1641005342, 556, 1982, 1983, 1, 0, 10.23%, 0, 6, 87, 913.50, 945102, 1, 538766, 4594, 538398
1641005348, 558, 1765, 1985, 1, 0, 10.23%, 0, 6, 87, 869.80, 949349, 2, 542711, 4606, 542536
1641005353, 560, 797, 1985, 0, 0, 10.23%, 0, 6, 87, 828.91, 953746, 2, 546950, 4622, 542536
1641005358, 561, 1506, 1986, 0, 0, 10.23%, 0, 6, 87, 750.64, 957515, 2, 550559, 4638, 548603
1641005363, 562, 1950, 1988, 0, 0, 10.23%, 0, 6, 87, 813.70, 961588, 2, 554308, 4658, 553527
1641005368, 562, 1989, 1991, 2, 2, 10.31%, 0, 6, 87, 883.68, 966118, 1, 558492, 4670, 558428
1641005373, 563, 1994, 2001, 1, 0, 10.33%, 0, 6, 87, 1013.16, 971353, 2, 562157, 4683, 561937
1641005378, 566, 2005, 2007, 2, 1, 10.33%, 0, 6, 87, 866.18, 975755, 1, 565727, 4696, 565663
1641005383, 567, 2008, 2009, 1, 1, 10.33%, 0, 6, 87, 875.62, 980363, 1, 569839, 4713, 569489
1641005388, 570, 2014, 2016, 2, 2, 10.40%, 0, 6, 87, 915.92, 985085, 1, 573608, 4723, 573029
1641005393, 573, 2017, 2021, 4, 1, 10.40%, 0, 6, 87, 142.14, 989433, 1, 577288, 4732, 577276
1641005399, 573, 2031, 2039, 8, 0, 10.42%, 0, 6, 87, 1142.86, 995064, 1, 580721, 4746, 580550
1641005404, 573, 2035, 2041, 6, 1, 10.42%, 0, 6, 87, 211.43, 997226, 1, 581544, 4750, 581430
1641005409, 573, 2041, 2046, 5, 0, 10.42%, 0, 6, 87, 506.80, 999960, 1, 582954, 4756, 582448
1641005414, 573, 2042, 2046, 4, 0, 10.42%, 0, 6, 87, 286.99, 1001112, 1, 583199, 4757, 582448
1641005424, 573, 2043, 2047, 4, 0, 10.42%, 0, 6, 87, 218.62, 1003327, 1, 583448, 4758, 583426
1641005429, 573, 2046, 2048, 2, 0, 10.42%, 0, 6, 87, 317.51, 1005038, 1, 584204, 4761, 583984
1641005439, 573, 2059, 2065, 6, 0, 10.42%, 0, 6, 87, 818.85, 1010926, 1, 587302, 4774, 587294
1641005445, 573, 2070, 2071, 1, 0, 10.42%, 0, 6, 87, 738.53, 1015047, 1, 589526, 4785, 589469
1641005450, 575, 2049, 2072, 0, 0, 10.42%, 0, 6, 87, 634.19, 1017726, 2, 591968, 4796, 589621
1641005455, 576, 2074, 2075, 1, 0, 10.42%, 0, 6, 87, 486.42, 1020196, 1, 593836, 4803, 593414
1641005460, 576, 2078, 2080, 2, 1, 10.42%, 0, 6, 87, 414.56, 1021948, 1, 594643, 4807, 594464
1641005465, 576, 2085, 2087, 2, 2, 10.43%, 0, 6, 87, 609.14, 1024859, 1, 596262, 4814, 596219
1641005470, 576, 2090, 2101, 11, 3, 10.44%, 0, 6, 87, 301.37, 1027623, 1, 597579, 4819, 597517
1641005475, 576, 2096, 2103, 7, 1, 10.44%, 0, 6, 87, 414.94, 1030141, 1, 598867, 4825, 598548
1641005480, 576, 2100, 2110, 10, 1, 10.45%, 0, 6, 87, 247.42, 1031709, 1, 599574, 4829, 599567
1641005486, 576, 2109, 2114, 5, 1, 10.45%, 0, 6, 87, 627.88, 1035289, 1, 601427, 4838, 601252
1641005491, 576, 2117, 2123, 6, 0, 10.45%, 0, 6, 87, 557.05, 1038415, 1, 603049, 4846, 602669
1641005496, 576, 2123, 2127, 4, 1, 10.45%, 0, 6, 87, 554.76, 1041050, 1, 604486, 4852, 604467
1641005501, 576, 2130, 2131, 1, 0, 10.45%, 0, 6, 87, 568.81, 1043859, 1, 605887, 4859, 605740
1641005506, 578, 2059, 2132, 0, 0, 10.45%, 0, 6, 87, 753.20, 1047411, 2, 609223, 4871, 607406
1641005511, 581, 2040, 2134, 0, 0, 10.45%, 0, 6, 87, 905.94, 1052127, 2, 613553, 4886, 612621
1641005516, 582, 815, 2135, 0, 0, 10.45%, 0, 6, 87, 932.22, 1056910, 2, 618124, 4901, 614395
1641005521, 583, 1347, 2137, 0, 0, 10.45%, 0, 6, 87, 863.20, 1061190, 2, 622057, 4914, 619992
1641005526, 584, 1505, 2139, 1, 0, 10.45%, 0, 6, 87, 796.90, 1065282, 2, 625968, 4931, 625805
1641005531, 585, 2072, 2139, 0, 0, 10.45%, 0, 6, 87, 950.39, 1068131, 2, 628654, 4942, 625805
1641005536, 585, 820, 2139, 0, 0, 10.45%, 0, 6, 87, 823.27, 1071863, 2, 632386, 4958, 625805
1641005541, 586, 2144, 2145, 1, 0, 10.48%, 0, 6, 87, 1041.96, 1077012, 1, 636381, 4969, 635748
1641005547, 588, 2146, 2147, 0, 0, 10.48%, 0, 6, 87, 953.71, 1081896, 2, 640758, 4981, 639980
1641005552, 589, 1555, 2147, 0, 0, 10.48%, 0, 6, 87, 877.76, 1086018, 2, 644879, 4992, 639980
1641005557, 591, 684, 2150, 0, 0, 10.48%, 0, 6, 87, 758.18, 1089717, 2, 648107, 5002, 646493
1641005562, 591, 2114, 2150, 0, 0, 10.48%, 0, 6, 87, 849.24, 1093783, 2, 652172, 5015, 646493
1641005567, 592, 2151, 2152, 1, 1, 10.48%, 0, 6, 87, 741.65, 1097505, 1, 655425, 5024, 654708
1641005572, 593, 2144, 2152, 0, 0, 10.48%, 0, 6, 87, 924.75, 1102307, 2, 660227, 5045, 654708
1641005577, 594, 2157, 2163, 6, 1, 10.50%, 0, 6, 87, 1172.36, 1108445, 1, 665388, 5063, 665188
1641005582, 595, 1143, 2165, 0, 0, 10.50%, 0, 6, 87, 1176.73, 1114812, 2, 670533, 5080, 666670
1641005587, 596, 2165, 2166, 0, 0, 10.52%, 0, 6, 87, 996.64, 1119377, 2, 674939, 5095, 674370
1641005592, 597, 2174, 2175, 1, 0, 10.52%, 0, 6, 87, 1065.26, 1124834, 1, 679102, 5108, 678574
1641005597, 599, 821, 2176, 0, 0, 10.52%, 0, 6, 87, 909.28, 1129622, 2, 683525, 5123, 679930
1641005602, 600, 2177, 2178, 1, 1, 10.52%, 0, 6, 87, 975.07, 1134734, 1, 688312, 5136, 688014
1641005607, 602, 2176, 2178, 0, 0, 10.52%, 0, 6, 87, 978.61, 1139653, 2, 693231, 5152, 688014
1641005613, 605, 2181, 2183, 2, 1, 10.53%, 0, 6, 87, 933.65, 1144559, 1, 697499, 5163, 697307
1641005618, 607, 1333, 2183, 0, 0, 10.53%, 0, 7, 87, 789.61, 1147540, 2, 700333, 5174, 697307
1641005623, 608, 2189, 2191, 1, 0, 10.53%, 0, 7, 87, 804.83, 1151719, 2, 703425, 5184, 703368
1641005628, 609, 2195, 2196, 1, 0, 10.54%, 0, 7, 87, 791.76, 1155803, 1, 706570, 5192, 706489
1641005633, 611, 2196, 2197, 1, 0, 10.54%, 0, 7, 87, 48.47, 1158525, 1, 709138, 5199, 709084
1641005638, 613, 2197, 2198, 1, 0, 10.54%, 0, 7, 87, 251.89, 1160080, 1, 710534, 5202, 710317
1641005643, 615, 2198, 2199, 0, 0, 10.54%, 0, 7, 87, 292.47, 1161604, 2, 711899, 5205, 711030
1641005648, 616, 1338, 2199, 0, 0, 10.54%, 0, 7, 87, 541.96, 1164305, 2, 714600, 5213, 711030
1641005653, 617, 2053, 2201, 0, 0, 10.55%, 0, 7, 87, 734.77, 1168146, 2, 718124, 5232, 716777
1641005658, 619, 2028, 2202, 0, 0, 10.55%, 0, 7, 87, 855.50, 1172508, 2, 722331, 5244, 719943
1641005664, 620, 2205, 2207, 2, 0, 10.55%, 0, 7, 87, 864.78, 1176347, 1, 725546, 5253, 725362
1641005669, 621, 828, 2210, 0, 0, 10.55%, 0, 7, 87, 821.84, 1180536, 2, 729113, 5266, 726313
1641005674, 622, 2210, 2211, 0, 0, 10.55%, 0, 7, 87, 981.36, 1184152, 2, 732575, 5276, 731393
1641005679, 624, 2213, 2214, 1, 0, 10.57%, 0, 7, 87, 976.48, 1189113, 1, 737049, 5291, 736940
1641005684, 627, 1450, 2215, 0, 0, 10.58%, 0, 7, 87, 914.19, 1193753, 2, 741535, 5308, 739421
1641005689, 631, 1964, 2218, 0, 0, 10.58%, 0, 7, 87, 940.33, 1198678, 2, 745999, 5321, 743208
1641005694, 632, 2222, 2225, 3, 1, 10.58%, 0, 7, 87, 792.38, 1202022, 1, 748545, 5327, 747983
1641005699, 633, 2228, 2230, 2, 0, 10.58%, 0, 7, 87, 730.19, 1205012, 1, 750622, 5334, 750106
1641005704, 634, 2231, 2233, 2, 1, 10.60%, 0, 7, 87, 601.84, 1207820, 1, 752969, 5340, 752628
1641005710, 636, 2234, 2236, 0, 0, 10.60%, 0, 7, 87, 406.21, 1210400, 2, 754925, 5346, 754002
1641005715, 637, 2236, 2238, 2, 1, 10.60%, 0, 7, 87, 546.20, 1213274, 1, 757652, 5353, 757521
1641005720, 639, 1993, 2240, 0, 0, 10.60%, 0, 7, 87, 923.79, 1218080, 2, 761971, 5364, 759150
1641005725, 641, 1548, 2241, 0, 0, 10.60%, 0, 7, 87, 742.44, 1221517, 2, 765254, 5375, 762748
1641005730, 643, 1063, 2242, 0, 0, 10.60%, 0, 7, 87, 1000.30, 1226855, 2, 770426, 5391, 767347
1641005735, 644, 2244, 2245, 0, 0, 10.60%, 0, 7, 87, 980.61, 1231689, 2, 774516, 5404, 773495
1641005740, 647, 2131, 2246, 0, 0, 10.60%, 0, 7, 87, 930.29, 1236420, 2, 779074, 5418, 777253
1641005746, 647, 2249, 2250, 1, 1, 10.62%, 0, 7, 87, 900.37, 1241087, 1, 783143, 5431, 782753
1641005751, 650, 1849, 2252, 0, 0, 10.62%, 0, 7, 87, 777.29, 1244880, 2, 786608, 5439, 784035
1641005756, 651, 348, 2253, 0, 0, 10.62%, 0, 7, 87, 834.16, 1248929, 2, 790503, 5452, 787988
1641005761, 653, 1836, 2255, 1, 0, 10.62%, 0, 7, 87, 790.45, 1253228, 2, 794639, 5464, 794474
1641005766, 653, 2254, 2255, 1, 0, 10.62%, 0, 7, 87, 57.17, 1254687, 1, 794911, 5465, 794474
1641005771, 654, 2255, 2256, 1, 0, 10.62%, 0, 7, 87, 182.52, 1255757, 1, 795885, 5467, 795297
1641005781, 654, 2256, 2258, 2, 0, 10.62%, 0, 7, 87, 57.66, 1258270, 1, 796219, 5468, 795952
1641005786, 654, 2257, 2258, 1, 0, 10.62%, 0, 7, 87, 277.61, 1259831, 1, 796542, 5469, 795952
1641005791, 654, 2258, 2259, 1, 0, 10.62%, 0, 7, 87, 372.57, 1261735, 1, 797142, 5470, 796561
1641005797, 656, 2259, 2260, 1, 0, 10.62%, 0, 7, 87, 279.45, 1263185, 1, 798325, 5473, 797769
1641005807, 657, 2259, 2260, 0, 0, 10.62%, 0, 7, 87, 154.69, 1264980, 2, 799163, 5474, 797769
1641005812, 658, 999, 2260, 0, 0, 10.62%, 0, 7, 87, 46.15, 1265811, 2, 799994, 5478, 797769
1641005817, 659, 1142, 2261, 0, 0, 10.63%, 0, 7, 87, 804.22, 1269700, 2, 803671, 5493, 802460
1641005822, 662, 1316, 2263, 0, 0, 10.63%, 0, 7, 87, 826.45, 1273894, 2, 807537, 5504, 806141
1641005827, 664, 1893, 2264, 0, 0, 10.63%, 0, 7, 87, 805.78, 1277751, 2, 811241, 5512, 808658
1641005832, 666, 1601, 2267, 0, 0, 10.68%, 0, 7, 87, 161.37, 1281343, 2, 814344, 5522, 813003
1641005837, 668, 1138, 2270, 0, 0, 10.68%, 0, 7, 87, 1028.26, 1286019, 2, 818558, 5532, 816927
1641005842, 671, 773, 2273, 0, 0, 10.68%, 0, 7, 87, 1068.55, 1291389, 2, 823385, 5546, 821049
1641005848, 671, 2273, 2274, 1, 0, 10.68%, 0, 7, 87, 847.97, 1295372, 1, 826466, 5555, 825801
1641005853, 673, 2276, 2277, 1, 0, 10.69%, 0, 7, 87, 792.74, 1299469, 1, 830076, 5567, 829904
1641005858, 674, 2279, 2281, 2, 0, 10.69%, 0, 7, 87, 629.47, 1302414, 1, 832525, 5572, 831419
1641005863, 676, 2285, 2287, 2, 0, 10.70%, 0, 7, 87, 913.54, 1307071, 1, 836244, 5580, 835530
1641005868, 678, 2287, 2288, 1, 0, 10.70%, 0, 7, 87, 640.66, 1310444, 1, 839304, 5586, 839023
1641005874, 681, 2278, 2289, 0, 0, 10.70%, 0, 7, 87, 60.71, 1312765, 2, 841467, 5590, 840684
1641005879, 681, 1466, 2289, 0, 0, 10.70%, 0, 7, 87, 600.45, 1315835, 2, 844537, 5598, 840684
1641005884, 681, 2239, 2289, 0, 0, 10.70%, 0, 7, 87, 490.36, 1318038, 2, 846739, 5603, 840684
1641005889, 683, 2289, 2292, 0, 0, 10.70%, 0, 7, 87, 353.33, 1320902, 2, 849141, 5608, 847191
1641005895, 686, 2295, 2296, 0, 0, 10.70%, 0, 7, 87, 639.74, 1324900, 2, 852513, 5616, 851721
1641005900, 687, 1384, 2296, 0, 0, 10.70%, 0, 7, 87, 23.74, 1326725, 2, 854338, 5622, 851721
1641005905, 687, 1980, 2296, 0, 0, 10.70%, 0, 7, 87, 103.03, 1329775, 2, 857388, 5631, 851721
1641005910, 688, 949, 2299, 0, 0, 10.70%, 0, 7, 87, 913.43, 1334618, 2, 861768, 5644, 859570
1641005915, 690, 1467, 2300, 0, 0, 10.70%, 0, 7, 87, 828.68, 1338762, 2, 865758, 5652, 864101
1641005920, 690, 1429, 2300, 0, 0, 10.70%, 0, 7, 87, 395.62, 1340974, 2, 867970, 5662, 864101
1641005925, 690, 2300, 2301, 1, 0, 10.70%, 0, 7, 87, 557.58, 1344296, 1, 871138, 5673, 870974
1641005931, 692, 1658, 2301, 0, 0, 10.70%, 0, 7, 87, 628.05, 1347453, 2, 874295, 5680, 870974
1641005936, 692, 2015, 2301, 0, 0, 10.70%, 0, 7, 87, 708.09, 1350889, 2, 877731, 5689, 870974
1641005941, 694, 607, 2304, 0, 0, 10.71%, 0, 7, 87, 974.55, 1356216, 2, 882595, 5701, 879841
1641005946, 695, 2304, 2306, 1, 0, 10.71%, 0, 7, 87, 897.09, 1360739, 2, 886956, 5712, 886572
1641005951, 695, 2313, 2324, 11, 1, 10.71%, 0, 7, 87, 988.97, 1365799, 1, 890556, 5721, 890430
1641005956, 695, 2324, 2338, 14, 0, 10.71%, 0, 7, 87, 1156.47, 1370767, 1, 893687, 5732, 893119
1641005961, 695, 2332, 2349, 17, 0, 10.71%, 0, 7, 87, 866.63, 1375246, 1, 896467, 5740, 896459
1641005966, 695, 2344, 2356, 12, 0, 10.71%, 0, 7, 87, 1010.91, 1380777, 1, 900019, 5752, 899571
1641005971, 695, 2353, 2360, 7, 0, 10.71%, 0, 7, 87, 940.30, 1385113, 1, 902729, 5761, 902341
1641005977, 695, 2361, 2365, 4, 0, 10.71%, 0, 7, 87, 757.79, 1388935, 1, 905000, 5769, 904955
1641005982, 698, 2316, 2367, 0, 0, 10.71%, 0, 7, 87, 909.88, 1393256, 2, 908219, 5777, 906848
1641005987, 698, 2361, 2367, 0, 0, 10.71%, 0, 7, 87, 186.44, 1398811, 2, 913774, 5791, 906848
1641005992, 699, 2358, 2368, 0, 0, 10.71%, 0, 7, 87, 849.17, 1403724, 2, 918450, 5802, 913974
1641005997, 699, 2368, 2370, 2, 0, 10.71%, 0, 7, 87, 884.65, 1408590, 1, 923071, 5810, 922987
1641006002, 701, 2370, 2373, 3, 0, 10.71%, 0, 7, 87, 1003.89, 1413624, 1, 927639, 5820, 927632
1641006007, 701, 2377, 2385, 8, 0, 10.71%, 0, 7, 87, 902.59, 1417977, 1, 930368, 5827, 930197
1641006012, 701, 2385, 2388, 3, 0, 10.71%, 0, 7, 87, 895.37, 1422469, 1, 933232, 5835, 932959
1641006018, 703, 2390, 2392, 2, 0, 10.71%, 0, 7, 87, 836.49, 1427282, 1, 937132, 5846, 937032
1641006023, 703, 2394, 2402, 8, 0, 10.71%, 0, 7, 87, 570.26, 1429725, 1, 938591, 5850, 938348
1641006028, 703, 2398, 2410, 12, 0, 10.71%, 0, 7, 87, 495.18, 1432005, 1, 939985, 5854, 939970
1641006033, 703, 2402, 2416, 14, 0, 10.71%, 0, 7, 87, 487.75, 1434449, 1, 941368, 5858, 940937
1641006038, 703, 2407, 2420, 13, 1, 10.71%, 0, 7, 87, 584.46, 1437286, 1, 943189, 5863, 942373
1641006043, 703, 2411, 2426, 15, 1, 10.71%, 0, 7, 87, 414.57, 1439405, 1, 944346, 5867, 944281
1641006048, 703, 2417, 2428, 11, 1, 10.71%, 0, 7, 87, 549.92, 1442434, 1, 946316, 5873, 945483
1641006053, 703, 2422, 2430, 8, 0, 10.71%, 0, 7, 87, 537.79, 1445184, 1, 948003, 5878, 947478
1641006059, 703, 2425, 2436, 11, 1, 10.71%, 0, 7, 87, 361.17, 1447094, 1, 949025, 5881, 948884
1641006064, 703, 2430, 2437, 7, 1, 10.71%, 0, 7, 87, 473.07, 1449878, 1, 950833, 5886, 949939
1641006069, 703, 2435, 2441, 6, 0, 10.71%, 0, 7, 87, 384.16, 1452448, 1, 952475, 5891, 951775
1641006075, 703, 2438, 2442, 4, 0, 10.71%, 0, 7, 87, 6.70, 1454131, 1, 953539, 5894, 952807
1641006080, 703, 2441, 2448, 7, 0, 10.71%, 0, 7, 87, 463.29, 1455967, 1, 954610, 5897, 954557
1641006085, 703, 2444, 2452, 8, 0, 10.71%, 0, 7, 87, 371.27, 1457817, 1, 955709, 5900, 955431
1641006090, 703, 2448, 2454, 6, 0, 10.71%, 0, 7, 87, 496.52, 1459978, 1, 956977, 5904, 956738
1641006095, 703, 2451, 2458, 7, 0, 10.71%, 0, 7, 87, 268.66, 1461565, 1, 957946, 5907, 957911
1641006100, 703, 2454, 2462, 8, 0, 10.71%, 0, 7, 87, 45.60, 1463368, 1, 958887, 5910, 958809
1641006105, 703, 2458, 2462, 4, 0, 10.71%, 0, 7, 87, 400.04, 1465420, 1, 960130, 5914, 958809
1641006111, 703, 2461, 2469, 8, 0, 10.71%, 0, 7, 87, 432.00, 1467381, 1, 961163, 5917, 961104
1641006116, 703, 2464, 2471, 7, 0, 10.71%, 0, 7, 87, 342.20, 1468939, 1, 962008, 5920, 961285
1641006121, 703, 2469, 2479, 10, 0, 10.71%, 0, 7, 87, 527.47, 1471977, 1, 963764, 5925, 963759
1641006126, 703, 2475, 2483, 8, 1, 10.71%, 0, 7, 87, 615.44, 1475299, 1, 965610, 5931, 965445
1641006131, 703, 2480, 2488, 8, 1, 10.71%, 0, 7, 87, 449.82, 1477930, 1, 966981, 5936, 966677
1641006136, 703, 2485, 2490, 5, 0, 10.71%, 0, 7, 87, 898.28, 1481848, 1, 968350, 5941, 968119
1641006141, 703, 2490, 2494, 4, 0, 10.71%, 0, 7, 87, 554.18, 1484736, 1, 970010, 5946, 969326
1641006146, 704, 2468, 2496, 0, 0, 10.71%, 0, 7, 87, 559.53, 1487677, 2, 971808, 5953, 970995
1641006152, 705, 2479, 2497, 0, 0, 10.71%, 0, 7, 87, 508.12, 1490150, 2, 974037, 5960, 973409
1641006157, 705, 2498, 2499, 1, 0, 10.71%, 0, 7, 87, 525.18, 1492623, 1, 976014, 5965, 975367
1641006162, 707, 2500, 2501, 1, 0, 10.71%, 0, 7, 87, 295.40, 1494963, 1, 977866, 5971, 977352
1641006167, 708, 2496, 2502, 1, 0, 10.71%, 0, 7, 87, 37.91, 1497137, 2, 980024, 5976, 977352
1641006172, 709, 2497, 2504, 0, 0, 10.71%, 0, 7, 87, 506.59, 1499458, 2, 981597, 5980, 980690
1641006177, 709, 2506, 2508, 2, 0, 10.71%, 0, 7, 87, 543.61, 1502125, 1, 983524, 5984, 982485
1641006182, 710, 2510, 2511, 1, 0, 10.71%, 0, 7, 87, 545.50, 1504883, 1, 985272, 5989, 984885
1641006188, 712, 2504, 2513, 0, 0, 10.71%, 0, 7, 87, 432.59, 1506825, 2, 986665, 5993, 985684
1641006193, 712, 2508, 2514, 1, 0, 10.71%, 0, 7, 87, 460.49, 1509223, 2, 989055, 5998, 988912
1641006198, 712, 2516, 2520, 4, 1, 10.71%, 0, 7, 87, 498.65, 1511648, 1, 990472, 6002, 990341
1641006203, 713, 2520, 2522, 2, 0, 10.71%, 0, 7, 87, 602.54, 1514310, 1, 992062, 6007, 991927
1641006208, 713, 2525, 2526, 1, 0, 10.71%, 0, 7, 87, 604.90, 1517186, 1, 993699, 6012, 993171
1641006213, 714, 2526, 2528, 2, 0, 10.71%, 0, 7, 87, 573.20, 1519972, 1, 996102, 6018, 996015
1641006218, 714, 2529, 2530, 1, 0, 10.71%, 0, 7, 87, 500.00, 1521765, 1, 997097, 6021, 996803
1641006223, 714, 2534, 2536, 2, 0, 10.71%, 0, 7, 87, 541.38, 1524606, 1, 998663, 6026, 998615
1641006228, 714, 2537, 2543, 6, 0, 10.71%, 0, 7, 87, 459.85, 1526995, 1, 999953, 6029, 999600
1641006233, 714, 2541, 2549, 8, 2, 10.72%, 0, 7, 87, 477.98, 1529511, 1, 1001188, 6033, 1001057
1641006238, 714, 2546, 2556, 10, 1, 10.72%, 0, 7, 87, 50.21, 1532437, 1, 1002524, 6038, 1002173
1641006243, 714, 2550, 2559, 9, 0, 10.72%, 0, 7, 87, 517.39, 1534997, 1, 1003872, 6042, 1003600
1641006248, 714, 2555, 2562, 7, 0, 10.72%, 0, 7, 87, 613.58, 1538097, 1, 1005572, 6047, 1005004
1641006254, 714, 2560, 2564, 4, 1, 10.72%, 0, 7, 87, 616.71, 1541193, 1, 1007245, 6052, 1006818
1641006259, 714, 2565, 2566, 1, 0, 10.72%, 0, 7, 87, 625.90, 1544486, 1, 1009041, 6057, 1007868
1641006264, 715, 2568, 2570, 2, 0, 10.72%, 0, 7, 87, 463.25, 1546813, 1, 1010530, 6061, 1010159
1641006269, 716, 2567, 2571, 0, 0, 10.72%, 0, 7, 87, 475.51, 1549380, 2, 1012565, 6067, 1010922
1641006274, 716, 2572, 2573, 1, 0, 10.72%, 0, 7, 87, 541.67, 1552029, 1, 1014702, 6071, 1014188
1641006279, 718, 2498, 2573, 0, 0, 10.72%, 0, 7, 87, 465.16, 1554270, 2, 1016943, 6077, 1014188
1641006284, 718, 2516, 2573, 0, 0, 10.72%, 0, 7, 87, 474.60, 1556785, 2, 1019458, 6082, 1014188
1641006290, 718, 2573, 2574, 1, 0, 10.72%, 0, 7, 87, 410.86, 1558743, 1, 1021159, 6086, 1021090
1641006295, 720, 2484, 2574, 0, 0, 10.72%, 0, 7, 87, 440.03, 1560922, 2, 1023338, 6091, 1021090
1641006300, 720, 2512, 2577, 3, 0, 10.72%, 0, 7, 87, 406.44, 1563135, 2, 1025527, 6095, 1025299
1641006305, 720, 2574, 2577, 3, 1, 10.72%, 0, 7, 87, 134.77, 1563638, 1, 1025770, 6096, 1025299
1641006310, 720, 2577, 2579, 2, 0, 10.72%, 0, 7, 87, 296.72, 1565100, 1, 1026719, 6099, 1026173
1641093902, 721, 2577, 2581, 1, 0, 10.72%, 0, 7, 87, 0.00, 1566971, 1, 1027848, 35727839, 1027113
