# unix_time, cycles_done, cur_path, paths_total, pending_total, pending_favs, map_size, unique_crashes, unique_hangs, max_depth, execs_per_sec, total_execs, state, total_fuzz, total_select, total_energy_used
1641004061, 0, 0, 1, 1, 1, 2.77%, 0, 0, 1, 1000.00, 8, 0, 0, 0, 1
1641004066, 0, 30, 136, 106, 47, 4.30%, 0, 0, 3, 1571.98, 6819, 1, 1488, 30, 1477
1641004071, 0, 62, 144, 82, 38, 4.32%, 0, 0, 3, 88.49, 12641, 1, 2000, 62, 1986
1641004076, 0, 86, 158, 72, 36, 4.34%, 0, 0, 3, 1024.45, 17116, 1, 2384, 86, 2336
1641004081, 0, 111, 165, 54, 24, 4.37%, 0, 0, 3, 924.26, 21486, 1, 2789, 111, 2664
1641004086, 0, 148, 181, 33, 11, 4.61%, 0, 0, 4, 1131.35, 27623, 1, 3428, 148, 3399
1641004092, 0, 171, 190, 19, 9, 4.65%, 0, 0, 4, 1222.68, 31855, 1, 3848, 171, 3848
1641004097, 0, 194, 205, 11, 5, 4.69%, 0, 0, 6, 179.01, 36040, 1, 4264, 194, 4243
1641004102, 0, 217, 219, 2, 2, 4.77%, 0, 0, 8, 817.70, 40285, 1, 4661, 217, 4632
1641004107, 9, 228, 229, 1, 0, 4.82%, 0, 0, 8, 72.07, 43112, 1, 5681, 259, 5663
1641004112, 20, 164, 249, 0, 0, 4.87%, 0, 0, 8, 966.67, 48219, 2, 7218, 321, 7173
1641004117, 31, 270, 271, 1, 0, 4.94%, 0, 0, 8, 1080.36, 53630, 1, 9049, 386, 8984
1641004122, 40, 290, 291, 1, 1, 5.03%, 0, 0, 16, 955.59, 58169, 1, 10226, 421, 10227
1641004127, 52, 279, 309, 0, 0, 5.06%, 0, 0, 16, 210.27, 63157, 2, 12295, 472, 11915
1641004133, 54, 321, 326, 0, 0, 5.43%, 0, 0, 16, 906.55, 68442, 2, 14191, 503, 13943
1641004138, 57, 344, 346, 2, 2, 5.61%, 0, 0, 16, 851.70, 72500, 1, 15282, 529, 15236
1641004143, 66, 366, 367, 1, 0, 5.85%, 0, 0, 16, 1017.59, 77563, 1, 16802, 567, 16783
1641004148, 77, 385, 385, 1, 0, 5.89%, 0, 0, 16, 1165.28, 82778, 1, 19112, 613, 19085
1641004154, 84, 400, 403, 4, 2, 5.97%, 0, 0, 16, 155.36, 86664, 1, 20426, 640, 20426
1641004159, 86, 411, 412, 1, 1, 5.98%, 0, 1, 16, 990.05, 89131, 1, 21097, 655, 21077
1641004164, 97, 426, 428, 2, 0, 6.05%, 0, 1, 18, 1145.34, 95042, 1, 24551, 717, 24481
1641004169, 111, 444, 445, 1, 0, 6.09%, 0, 1, 18, 240.62, 101274, 1, 27924, 781, 27824
1641004175, 121, 256, 453, 0, 0, 6.24%, 0, 1, 21, 1143.20, 106559, 2, 32010, 872, 31288
1641004180, 124, 456, 457, 1, 0, 6.25%, 0, 1, 21, 150.62, 108961, 1, 33998, 924, 33963
1641004185, 126, 469, 472, 3, 1, 6.27%, 0, 1, 21, 1042.31, 113102, 1, 35553, 954, 35373
1641004190, 134, 485, 489, 4, 4, 6.85%, 0, 1, 21, 1125.53, 118432, 1, 38201, 999, 38161
1641004195, 134, 510, 521, 11, 2, 7.07%, 0, 1, 21, 1133.02, 124098, 1, 39808, 1024, 39684
1641004200, 134, 538, 541, 3, 1, 7.07%, 0, 1, 21, 1186.21, 129968, 1, 41392, 1052, 41353
1641004205, 140, 407, 555, 2, 0, 7.12%, 0, 1, 21, 945.98, 134295, 2, 43504, 1079, 43448
1641004210, 145, 566, 567, 1, 0, 7.13%, 0, 1, 21, 998.88, 139253, 1, 46179, 1111, 46035
1641004215, 151, 582, 583, 1, 0, 7.19%, 0, 1, 21, 899.51, 143243, 1, 47782, 1134, 47671
1641004220, 158, 444, 589, 0, 0, 7.22%, 0, 1, 21, 927.76, 148100, 2, 51541, 1177, 49847
1641004226, 163, 467, 602, 0, 0, 7.25%, 0, 1, 21, 1033.64, 153572, 2, 54896, 1213, 54314
1641004231, 170, 610, 611, 1, 0, 7.26%, 0, 1, 22, 1045.80, 159012, 1, 58988, 1257, 58960
1641004236, 175, 624, 627, 3, 0, 7.32%, 0, 1, 22, 1021.20, 164040, 1, 61728, 1287, 61719
1641004242, 176, 640, 641, 1, 0, 7.32%, 0, 1, 22, 120.24, 168207, 1, 63493, 1309, 63340
1641004247, 179, 652, 653, 1, 1, 7.44%, 0, 1, 22, 643.81, 172016, 1, 65195, 1327, 64919
1641004252, 184, 662, 678, 16, 6, 7.50%, 0, 1, 22, 881.08, 177223, 1, 68616, 1364, 68558
1641004257, 184, 675, 693, 18, 3, 7.68%, 0, 1, 22, 1026.71, 180951, 1, 69749, 1377, 69522
1641004262, 184, 684, 700, 16, 2, 7.68%, 0, 1, 22, 419.21, 183465, 1, 70588, 1386, 70577
1641004267, 184, 700, 711, 11, 2, 7.68%, 0, 1, 22, 775.08, 187707, 1, 72036, 1402, 71618
1641004272, 184, 717, 726, 9, 1, 7.73%, 0, 1, 22, 931.84, 191981, 1, 73512, 1419, 73477
1641004277, 185, 733, 735, 2, 0, 7.74%, 0, 1, 22, 182.10, 196281, 1, 75313, 1438, 75259
1641004282, 189, 742, 745, 3, 1, 7.76%, 0, 1, 22, 938.04, 199617, 1, 77246, 1456, 77191
1641004288, 195, 757, 762, 5, 2, 7.91%, 0, 1, 22, 454.26, 204369, 1, 79486, 1481, 79413
1641004293, 195, 775, 780, 5, 1, 7.94%, 0, 1, 22, 692.97, 208540, 1, 80887, 1499, 80706
1641004298, 195, 785, 790, 5, 1, 7.94%, 0, 1, 22, 570.22, 210818, 1, 81742, 1509, 81543
1641004303, 195, 795, 797, 2, 1, 7.94%, 0, 1, 22, 133.33, 213374, 1, 82661, 1519, 82556
1641004308, 199, 781, 810, 0, 0, 7.95%, 0, 1, 22, 925.60, 217926, 2, 85036, 1544, 84420
1641004313, 202, 815, 816, 1, 0, 7.95%, 0, 1, 22, 363.49, 219862, 1, 86052, 1555, 86050
1641004318, 205, 827, 829, 2, 0, 8.04%, 0, 2, 22, 1142.95, 223642, 1, 87967, 1573, 87938
1641004323, 210, 838, 839, 1, 0, 8.04%, 0, 2, 23, 909.35, 227880, 1, 90502, 1595, 90378
1641004329, 215, 853, 857, 4, 2, 8.12%, 0, 2, 23, 955.98, 232604, 1, 92978, 1618, 92941
1641004334, 219, 867, 871, 3, 0, 8.18%, 0, 2, 23, 886.62, 237135, 2, 95016, 1638, 94917
1641004339, 222, 875, 876, 1, 0, 8.18%, 0, 3, 23, 551.10, 239908, 1, 96332, 1651, 96299
1641004344, 223, 888, 893, 5, 0, 8.18%, 0, 3, 23, 789.27, 244525, 1, 98764, 1674, 98655
1641004349, 224, 890, 898, 0, 0, 8.18%, 0, 3, 23, 1028.12, 247005, 2, 99726, 1685, 99438
1641004354, 226, 915, 917, 2, 0, 8.18%, 0, 3, 23, 1031.91, 252011, 1, 101668, 1706, 101109
1641004359, 230, 929, 931, 2, 0, 8.20%, 0, 3, 23, 954.27, 256804, 1, 104187, 1730, 104125
1641004364, 233, 938, 940, 2, 1, 8.21%, 0, 3, 23, 528.27, 260970, 1, 106871, 1752, 106726
1641004369, 234, 956, 959, 3, 0, 8.24%, 0, 3, 23, 829.79, 265617, 1, 108555, 1771, 108528
1641004374, 234, 972, 975, 3, 1, 8.24%, 0, 3, 26, 718.58, 269550, 1, 109859, 1787, 109846
1641004379, 234, 979, 991, 12, 1, 8.25%, 0, 3, 28, 552.96, 271288, 1, 110450, 1794, 110426
1641004385, 234, 986, 995, 10, 1, 8.26%, 0, 3, 29, 11.55, 272688, 1, 110942, 1801, 110913
1641004390, 234, 993, 995, 3, 0, 8.26%, 0, 3, 29, 28.66, 274417, 1, 111641, 1808, 110913
1641004395, 235, 998, 1001, 3, 1, 8.28%, 0, 3, 31, 411.59, 276040, 1, 112283, 1814, 112227
1641004400, 237, 987, 1010, 1, 0, 8.28%, 0, 3, 37, 575.82, 278968, 2, 113671, 1827, 113441
1641004405, 237, 1016, 1018, 2, 0, 8.28%, 0, 3, 37, 661.64, 281011, 1, 114470, 1835, 114431
1641004410, 237, 1024, 1028, 4, 0, 8.29%, 0, 3, 37, 462.74, 282983, 1, 115194, 1843, 115152
1641004415, 237, 1033, 1038, 5, 1, 8.29%, 0, 3, 40, 399.75, 284879, 1, 115818, 1852, 115812
1641004421, 237, 1040, 1042, 2, 0, 8.29%, 0, 3, 43, 199.02, 286656, 1, 116390, 1859, 116345
1641004426, 240, 985, 1045, 1, 0, 8.29%, 0, 3, 43, 492.49, 289284, 2, 118554, 1880, 117550
1641004431, 245, 1051, 1053, 1, 0, 8.30%, 0, 3, 43, 700.30, 292301, 2, 120328, 1895, 119983
1641004436, 250, 994, 1058, 1, 0, 8.30%, 0, 3, 43, 591.04, 295162, 2, 122393, 1912, 122356
1641004441, 252, 1060, 1063, 3, 0, 8.30%, 0, 3, 43, 98.12, 296652, 1, 123257, 1918, 123251
1641093902, 253, 1061, 1064, 1, 0, 8.30%, 0, 3, 43, 0.00, 297204, 1, 123495, 97691151, 123379
