# unix_time, cycles_done, cur_path, paths_total, pending_total, pending_favs, map_size, unique_crashes, unique_hangs, max_depth, execs_per_sec, total_execs, state, total_fuzz, total_select, total_energy_used
1641004059, 0, 0, 1, 1, 1, 2.77%, 0, 0, 1, 1000.00, 8, 0, 0, 0, 1
1641004064, 0, 41, 138, 97, 45, 4.22%, 0, 0, 3, 1603.79, 8937, 1, 1664, 41, 1659
1641004069, 0, 85, 156, 71, 31, 4.30%, 0, 0, 3, 1558.48, 16801, 1, 2368, 85, 2327
1641004074, 0, 119, 169, 50, 23, 4.39%, 0, 0, 3, 1340.03, 23017, 1, 2924, 119, 2896
1641004079, 0, 150, 179, 29, 17, 4.46%, 0, 0, 4, 166.67, 28227, 1, 3467, 150, 3403
1641004084, 0, 181, 199, 18, 11, 4.52%, 0, 0, 5, 1180.90, 33976, 1, 4003, 181, 3977
1641004089, 0, 204, 213, 9, 4, 4.59%, 0, 0, 6, 130.76, 37952, 1, 4405, 204, 4362
1641004095, 3, 62, 229, 0, 0, 4.63%, 0, 0, 9, 1180.24, 42841, 2, 5422, 249, 5229
1641004100, 12, 170, 240, 0, 0, 4.65%, 0, 0, 9, 30.77, 46477, 2, 7106, 314, 6918
1641004105, 17, 251, 255, 4, 3, 4.67%, 0, 0, 9, 1033.92, 49147, 1, 7766, 341, 7735
1641004110, 19, 264, 265, 1, 1, 4.75%, 0, 0, 13, 955.07, 51695, 1, 8415, 365, 8382
1641004115, 27, 283, 284, 1, 1, 4.80%, 0, 0, 15, 1018.31, 55984, 1, 9614, 403, 9602
1641004120, 37, 297, 298, 1, 1, 4.87%, 0, 1, 15, 1309.34, 60037, 1, 11562, 452, 11552
1641004125, 50, 315, 316, 1, 0, 4.97%, 0, 1, 15, 1128.36, 65525, 1, 13759, 510, 13688
1641004130, 57, 302, 328, 0, 0, 5.02%, 0, 3, 15, 888.29, 68847, 2, 14927, 536, 14637
1641004135, 61, 338, 339, 1, 0, 5.05%, 0, 3, 15, 138.79, 71662, 1, 15953, 563, 15920
1641004140, 70, 355, 357, 2, 1, 5.16%, 0, 3, 15, 945.96, 76584, 1, 18089, 613, 18086
1641004146, 75, 370, 372, 2, 0, 5.29%, 0, 3, 15, 712.03, 80219, 1, 19352, 640, 19291
1641004151, 86, 379, 386, 1, 0, 5.33%, 0, 3, 18, 123.64, 84519, 2, 21293, 676, 21061
1641004156, 94, 397, 400, 3, 1, 5.37%, 0, 3, 18, 898.42, 88853, 1, 23677, 719, 23654
1641004161, 101, 113, 406, 2, 0, 5.44%, 0, 3, 18, 1321.32, 92498, 2, 26319, 762, 26154
1641004166, 107, 422, 423, 2, 0, 5.47%, 0, 3, 18, 1153.98, 98178, 1, 28740, 789, 28724
1641004171, 108, 440, 448, 8, 2, 5.88%, 0, 3, 18, 157.21, 102325, 1, 29788, 810, 29709
1641004176, 108, 456, 463, 7, 4, 6.02%, 0, 3, 18, 1077.00, 105696, 1, 30610, 826, 30538
1641004182, 108, 469, 476, 7, 3, 6.02%, 0, 3, 18, 727.61, 108470, 1, 31304, 839, 31292
1641004187, 108, 495, 505, 10, 5, 6.05%, 0, 3, 18, 1009.33, 114066, 1, 32856, 865, 32731
1641004192, 108, 518, 528, 10, 4, 6.50%, 0, 3, 18, 1020.79, 118740, 1, 33927, 888, 33919
1641004197, 108, 545, 554, 9, 4, 6.55%, 0, 3, 20, 1073.46, 124309, 1, 35293, 915, 35257
1641004202, 110, 569, 572, 3, 0, 6.55%, 0, 3, 22, 926.01, 129379, 1, 36672, 941, 36645
1641004207, 114, 582, 584, 2, 1, 6.55%, 0, 3, 22, 1031.50, 132859, 1, 38087, 966, 38075
1641004212, 121, 602, 606, 4, 0, 6.58%, 0, 3, 22, 1028.12, 138068, 1, 40203, 1003, 40200
1641004217, 128, 483, 614, 0, 0, 6.58%, 0, 3, 22, 995.68, 142887, 2, 43247, 1041, 42247
1641004222, 129, 635, 638, 3, 1, 6.61%, 0, 3, 27, 1002.16, 147938, 1, 44938, 1068, 44917
1641004228, 130, 629, 658, 0, 0, 6.62%, 0, 3, 37, 989.94, 152988, 2, 46300, 1091, 46066
1641004233, 139, 572, 674, 0, 0, 6.65%, 0, 3, 37, 1113.31, 158749, 2, 49518, 1135, 49283
1641004238, 148, 449, 686, 0, 0, 6.67%, 0, 3, 37, 1273.84, 163175, 2, 52057, 1169, 51895
1641004243, 156, 694, 695, 1, 0, 6.67%, 0, 3, 37, 971.86, 167568, 1, 55065, 1207, 54950
1641004248, 158, 712, 718, 6, 2, 6.68%, 0, 3, 37, 895.33, 171963, 1, 56612, 1227, 56387
1641004253, 160, 733, 735, 2, 0, 6.71%, 0, 3, 37, 1019.12, 177268, 1, 58595, 1253, 58485
1641004258, 166, 745, 746, 1, 0, 6.72%, 0, 3, 37, 174.79, 181860, 1, 61337, 1285, 61313
1641004264, 174, 758, 760, 2, 2, 6.91%, 0, 3, 37, 915.17, 186412, 1, 63927, 1315, 63901
1641004269, 174, 778, 785, 7, 3, 6.95%, 0, 3, 37, 928.84, 191139, 1, 65328, 1335, 65318
1641004274, 174, 801, 804, 3, 2, 6.98%, 0, 3, 37, 998.02, 196165, 1, 66825, 1358, 66767
1641004279, 174, 814, 817, 3, 0, 6.99%, 0, 3, 37, 705.58, 199172, 1, 67679, 1371, 67618
1641004284, 176, 829, 830, 1, 0, 7.02%, 0, 3, 37, 753.61, 202738, 1, 68873, 1390, 68821
1641004289, 182, 841, 844, 3, 0, 7.04%, 0, 3, 37, 744.13, 206672, 1, 70985, 1419, 70978
1641004294, 184, 859, 860, 1, 0, 7.06%, 0, 3, 37, 874.30, 211332, 1, 72894, 1446, 72785
1641004299, 193, 810, 875, 1, 0, 7.06%, 0, 3, 37, 972.83, 216448, 2, 75685, 1482, 74953
1641004304, 202, 767, 893, 0, 0, 7.06%, 0, 3, 39, 1086.74, 222419, 2, 78736, 1519, 77987
1641004309, 207, 908, 910, 2, 0, 7.06%, 0, 3, 44, 682.46, 227297, 1, 81163, 1545, 81139
1641004314, 214, 917, 918, 1, 0, 7.08%, 0, 3, 44, 120.81, 232083, 1, 84520, 1577, 84504
1641004319, 216, 932, 940, 8, 2, 7.12%, 0, 3, 44, 645.00, 236418, 1, 86514, 1598, 86399
1641004324, 217, 948, 951, 3, 1, 7.19%, 0, 3, 46, 773.07, 240486, 1, 88053, 1615, 87830
1641004329, 221, 940, 965, 0, 0, 7.20%, 0, 3, 50, 874.78, 245173, 2, 90299, 1640, 89979
1641004335, 225, 978, 979, 1, 0, 7.23%, 0, 3, 50, 1034.70, 249423, 1, 92441, 1665, 92430
1641004340, 226, 994, 1016, 22, 6, 7.60%, 0, 3, 55, 803.62, 253338, 1, 93772, 1682, 93772
1641004345, 226, 1010, 1046, 36, 7, 7.65%, 0, 3, 56, 740.69, 257162, 1, 94947, 1698, 94787
1641004351, 226, 1021, 1064, 43, 8, 7.66%, 0, 3, 57, 956.87, 259665, 1, 95701, 1709, 95700
1641004356, 226, 1041, 1080, 39, 7, 7.67%, 0, 3, 57, 876.04, 264115, 1, 97111, 1729, 97091
1641004361, 226, 1060, 1095, 35, 9, 7.69%, 0, 3, 58, 899.02, 268429, 1, 98549, 1748, 98538
1641004366, 226, 1079, 1109, 30, 9, 7.69%, 0, 3, 58, 857.12, 272804, 1, 100037, 1767, 99885
1641004371, 226, 1098, 1128, 30, 5, 7.69%, 0, 3, 59, 877.05, 277094, 1, 101411, 1786, 101250
1641004376, 226, 1118, 1139, 21, 7, 7.70%, 0, 3, 59, 889.82, 281501, 1, 102878, 1806, 102804
1641004381, 226, 1138, 1160, 22, 6, 7.71%, 0, 3, 60, 978.03, 285904, 1, 104272, 1826, 104219
1641004386, 226, 1149, 1167, 18, 4, 7.71%, 0, 3, 61, 799.48, 288386, 1, 105064, 1837, 105005
1641004391, 226, 1165, 1178, 13, 3, 7.71%, 0, 3, 62, 456.48, 292098, 1, 106263, 1853, 106235
1641004397, 226, 1183, 1196, 13, 2, 7.71%, 0, 3, 63, 510.22, 296273, 1, 107658, 1871, 107509
1641004402, 226, 1202, 1213, 11, 4, 7.74%, 0, 3, 65, 790.62, 300477, 1, 109007, 1890, 108919
1641004407, 226, 1220, 1235, 15, 4, 7.75%, 0, 3, 66, 799.18, 304502, 1, 110206, 1908, 110201
1641004412, 226, 1238, 1252, 14, 4, 7.75%, 0, 3, 67, 723.65, 308550, 1, 111471, 1926, 111022
1641004417, 226, 1256, 1273, 17, 1, 7.75%, 0, 3, 69, 546.15, 312684, 1, 112821, 1944, 112774
1641004422, 226, 1270, 1295, 25, 2, 7.76%, 0, 3, 70, 393.32, 315680, 1, 113738, 1958, 113710
1641004427, 226, 1288, 1312, 24, 2, 7.76%, 0, 3, 71, 889.63, 319798, 1, 115021, 1976, 114922
1641004432, 226, 1307, 1331, 24, 4, 7.78%, 0, 3, 71, 861.83, 323950, 1, 116259, 1995, 116228
1641004438, 226, 1324, 1339, 15, 2, 7.78%, 0, 3, 72, 332.36, 327684, 1, 117525, 2012, 117441
1641004443, 226, 1334, 1343, 9, 0, 7.78%, 0, 3, 72, 841.13, 330079, 1, 118377, 2022, 118132
1641004448, 226, 1349, 1355, 6, 1, 7.79%, 0, 3, 75, 423.88, 333583, 1, 119580, 2037, 119433
1641004453, 228, 1361, 1362, 1, 0, 7.84%, 0, 3, 76, 757.39, 338018, 1, 122210, 2066, 121966
1641004458, 231, 1366, 1367, 1, 0, 7.84%, 0, 3, 76, 778.29, 341675, 1, 125098, 2096, 125036
1641004463, 237, 1375, 1377, 2, 0, 7.84%, 0, 3, 76, 1034.83, 345832, 1, 127891, 2126, 127867
1641004468, 243, 1205, 1384, 0, 0, 7.85%, 0, 3, 76, 838.51, 350044, 2, 130844, 2157, 130695
1641004474, 248, 1393, 1396, 3, 2, 7.94%, 0, 3, 76, 743.63, 353684, 1, 133061, 2181, 133061
1641004479, 251, 1270, 1405, 0, 0, 7.96%, 0, 3, 76, 768.67, 357751, 2, 135323, 2206, 134578
1641004484, 257, 1307, 1416, 2, 0, 7.97%, 0, 3, 76, 734.10, 361814, 2, 137989, 2236, 137959
1641004489, 260, 1421, 1422, 1, 1, 7.99%, 0, 3, 76, 815.05, 365160, 1, 140125, 2257, 140081
1641004494, 265, 1361, 1429, 0, 0, 7.99%, 0, 3, 77, 772.54, 368943, 2, 142834, 2280, 142318
1641004499, 269, 1402, 1438, 1, 0, 8.02%, 0, 3, 77, 803.67, 372967, 2, 145621, 2303, 145103
1641004504, 271, 1436, 1446, 0, 0, 8.02%, 0, 3, 77, 749.57, 376945, 2, 148226, 2326, 146864
1641004509, 275, 1450, 1460, 1, 0, 8.02%, 0, 3, 79, 853.43, 381407, 2, 150687, 2348, 150622
1641004514, 281, 1471, 1475, 4, 1, 8.04%, 0, 3, 84, 895.65, 386079, 1, 153349, 2374, 153345
1641004519, 283, 1484, 1485, 2, 0, 8.04%, 0, 3, 89, 755.28, 389957, 1, 155409, 2392, 155334
1641004524, 284, 1487, 1491, 0, 0, 8.04%, 0, 3, 92, 455.69, 392223, 2, 156585, 2404, 155948
1641004530, 285, 1480, 1498, 0, 0, 8.04%, 0, 3, 96, 474.78, 394466, 2, 157748, 2416, 157318
1641004535, 289, 1504, 1505, 1, 0, 8.04%, 0, 3, 96, 469.51, 397572, 2, 159920, 2435, 159836
1641004540, 292, 1511, 1513, 0, 0, 8.04%, 0, 3, 96, 595.24, 400562, 2, 161531, 2450, 161330
1641004545, 297, 1519, 1519, 0, 0, 8.05%, 0, 3, 96, 689.94, 404065, 2, 164113, 2472, 163756
1641004550, 303, 1531, 1535, 5, 1, 8.06%, 0, 3, 96, 801.18, 408042, 1, 166250, 2491, 166121
1641004555, 307, 1362, 1547, 0, 0, 8.07%, 0, 3, 96, 919.31, 412920, 2, 168654, 2513, 168337
1641004560, 309, 1549, 1550, 1, 1, 8.16%, 0, 3, 96, 113.07, 416632, 1, 172039, 2543, 172029
1641004565, 312, 1203, 1552, 0, 0, 8.16%, 0, 3, 96, 800.26, 420480, 2, 175575, 2574, 173455
1641004571, 315, 1051, 1555, 0, 0, 8.16%, 0, 3, 96, 798.09, 424441, 2, 179077, 2602, 177070
1641004576, 321, 1559, 1560, 1, 0, 8.17%, 0, 3, 96, 887.35, 428929, 2, 182943, 2640, 182738
1641004581, 327, 1564, 1565, 1, 0, 8.17%, 0, 3, 96, 807.41, 432957, 2, 186209, 2662, 185863
1641004586, 332, 1340, 1569, 0, 0, 8.17%, 0, 3, 96, 817.39, 437036, 2, 189518, 2684, 189105
1641004591, 333, 1238, 1570, 0, 0, 8.17%, 0, 3, 96, 432.83, 441069, 2, 193398, 2715, 190944
1641004596, 334, 1573, 1574, 1, 1, 8.34%, 0, 3, 96, 669.03, 444878, 1, 196592, 2742, 196452
1641004601, 338, 1578, 1579, 1, 1, 8.42%, 0, 3, 96, 825.33, 449443, 1, 200403, 2774, 200301
1641004606, 338, 1584, 1596, 12, 3, 8.45%, 0, 3, 96, 312.60, 451248, 1, 201187, 2780, 201154
1641004612, 338, 1592, 1603, 11, 5, 8.46%, 0, 3, 96, 370.53, 453330, 1, 202027, 2788, 201865
1641004617, 338, 1601, 1613, 12, 4, 8.46%, 0, 3, 96, 411.12, 455625, 1, 202934, 2797, 202918
1641004622, 338, 1612, 1624, 12, 3, 8.48%, 0, 3, 96, 554.90, 458383, 1, 203991, 2808, 203571
1641004627, 338, 1625, 1638, 13, 3, 8.50%, 0, 3, 96, 93.69, 461681, 1, 205279, 2821, 205122
1641004632, 338, 1643, 1645, 2, 0, 8.50%, 0, 3, 96, 760.68, 466107, 1, 207062, 2839, 206998
1641004637, 340, 1649, 1649, 1, 0, 8.50%, 0, 3, 96, 534.16, 468565, 1, 208724, 2851, 208469
1641004642, 344, 1656, 1657, 1, 0, 8.50%, 0, 3, 96, 722.03, 472772, 2, 211842, 2874, 211605
1641004647, 346, 1661, 1667, 6, 0, 8.50%, 0, 3, 96, 647.34, 474556, 1, 212975, 2882, 212976
1641004652, 346, 1667, 1673, 6, 2, 8.51%, 0, 3, 96, 495.44, 476163, 1, 213644, 2888, 213634
1641004658, 348, 1661, 1673, 0, 0, 8.51%, 0, 3, 96, 457.13, 478317, 2, 215059, 2899, 213634
1641004663, 349, 1678, 1679, 0, 0, 8.51%, 0, 3, 96, 1228.84, 482590, 2, 217089, 2914, 216381
1641004668, 352, 1609, 1684, 1, 0, 8.51%, 0, 3, 96, 474.79, 485625, 2, 219476, 2930, 218541
1641004673, 359, 914, 1690, 0, 0, 8.53%, 0, 3, 96, 923.33, 490895, 2, 223680, 2958, 222754
1641004678, 361, 1692, 1693, 1, 0, 8.54%, 0, 3, 96, 755.45, 494821, 2, 227282, 2983, 227196
1641004683, 363, 1693, 1694, 1, 0, 8.54%, 0, 3, 96, 913.91, 499493, 1, 231120, 3009, 230999
1641004689, 363, 1697, 1698, 1, 0, 8.54%, 0, 3, 96, 1002.09, 504662, 1, 231666, 3013, 231616
1641004694, 363, 1699, 1701, 2, 0, 8.54%, 0, 3, 96, 683.23, 507587, 1, 231929, 3015, 231865
1641004699, 363, 1703, 1707, 4, 1, 8.55%, 0, 3, 96, 851.16, 512286, 1, 232435, 3019, 232359
1641004704, 363, 1707, 1715, 8, 0, 8.55%, 0, 3, 96, 1081.59, 517505, 1, 232931, 3023, 232914
1641004709, 363, 1709, 1715, 6, 0, 8.55%, 0, 3, 96, 705.45, 520483, 1, 233172, 3025, 232914
1641004714, 363, 1712, 1717, 5, 0, 8.55%, 0, 3, 96, 206.25, 524503, 1, 233545, 3028, 233399
1641004719, 363, 1717, 1721, 4, 0, 8.55%, 0, 3, 96, 1226.28, 530434, 1, 234150, 3033, 234149
1641004724, 363, 1721, 1722, 1, 0, 8.55%, 0, 3, 96, 1164.74, 535614, 1, 234614, 3037, 234393
1641004729, 366, 1725, 1727, 2, 1, 8.58%, 0, 3, 96, 916.90, 540116, 1, 237727, 3062, 237726
1641004734, 371, 1732, 1733, 1, 1, 8.59%, 0, 3, 96, 1202.92, 544548, 1, 240701, 3080, 240556
1641004739, 378, 1699, 1746, 0, 0, 8.59%, 0, 3, 96, 1146.41, 550544, 2, 244670, 3112, 244175
1641004744, 381, 729, 1748, 0, 0, 8.59%, 0, 3, 96, 1039.96, 555640, 2, 249430, 3147, 246381
1641004750, 388, 1360, 1757, 0, 0, 8.59%, 0, 3, 96, 1101.53, 561406, 2, 253714, 3174, 252427
1641004755, 391, 685, 1760, 0, 0, 8.61%, 0, 3, 96, 951.23, 566306, 2, 258141, 3208, 257151
1641004760, 396, 1767, 1767, 0, 0, 8.64%, 0, 3, 96, 1083.95, 572044, 2, 262819, 3238, 262309
1641004765, 400, 1770, 1772, 2, 1, 8.65%, 0, 3, 96, 61.64, 576646, 1, 266763, 3264, 266680
1641004770, 404, 1706, 1773, 0, 0, 8.65%, 0, 3, 96, 766.84, 580301, 2, 270117, 3282, 268402
1641004775, 404, 1777, 1778, 1, 0, 8.65%, 0, 3, 96, 1177.82, 586878, 1, 270889, 3287, 270419
1641004780, 404, 1782, 1783, 1, 0, 8.65%, 0, 3, 96, 1288.47, 593381, 1, 271587, 3292, 271321
1641004785, 406, 1681, 1783, 0, 0, 8.65%, 0, 3, 96, 992.88, 597813, 2, 276019, 3322, 271321
1641004790, 411, 1718, 1786, 0, 0, 8.65%, 0, 3, 96, 990.74, 603271, 2, 279991, 3344, 278953
1641004795, 411, 915, 1786, 0, 0, 8.65%, 0, 3, 96, 1055.22, 608450, 2, 285169, 3376, 278953
1641004801, 412, 1548, 1786, 0, 0, 8.65%, 0, 3, 96, 1080.72, 613835, 2, 290554, 3409, 278953
1641004806, 413, 1603, 1787, 0, 0, 8.65%, 0, 3, 96, 990.91, 618004, 2, 293557, 3432, 290905
1641004811, 416, 794, 1788, 0, 0, 8.66%, 0, 3, 96, 998.66, 623101, 2, 297493, 3455, 296787
1641004816, 416, 696, 1789, 1, 0, 8.66%, 0, 3, 96, 1094.34, 628583, 2, 302967, 3497, 302958
1641004821, 421, 512, 1792, 0, 0, 8.66%, 0, 3, 96, 1188.91, 634786, 2, 308553, 3536, 304950
1641004826, 422, 450, 1793, 0, 0, 8.67%, 0, 3, 96, 1099.89, 640240, 2, 313842, 3644, 311349
1641004831, 423, 1794, 1795, 1, 0, 8.68%, 0, 3, 96, 910.62, 644964, 1, 318268, 3677, 318222
1641004836, 425, 1271, 1798, 1, 0, 8.68%, 0, 3, 96, 825.83, 649161, 2, 322132, 3702, 322057
1641004842, 426, 1374, 1798, 0, 0, 8.68%, 0, 3, 96, 761.25, 652704, 2, 325212, 3720, 322057
1641004847, 429, 1454, 1802, 0, 0, 8.68%, 0, 3, 96, 911.69, 656382, 2, 328277, 3735, 327925
1641004852, 429, 1561, 1802, 0, 0, 8.68%, 0, 3, 96, 867.70, 660656, 2, 332550, 3752, 327925
1641004857, 429, 1803, 1804, 1, 0, 8.68%, 0, 3, 96, 711.49, 664190, 1, 335776, 3764, 335164
1641004862, 432, 1806, 1808, 2, 0, 8.69%, 0, 3, 96, 775.27, 667940, 1, 339051, 3776, 338909
1641004867, 433, 1805, 1809, 0, 0, 8.69%, 0, 3, 96, 771.18, 671775, 2, 342586, 3793, 339171
1641004872, 435, 1225, 1810, 0, 0, 8.69%, 0, 4, 96, 938.33, 675513, 2, 346170, 3804, 345080
1641004878, 437, 1439, 1812, 0, 0, 8.69%, 0, 4, 96, 766.51, 679402, 2, 349750, 3821, 348195
1641004883, 439, 1820, 1821, 1, 1, 8.71%, 0, 4, 96, 945.32, 684310, 1, 353240, 3842, 353099
1641004888, 440, 1175, 1821, 0, 0, 8.71%, 0, 4, 96, 883.04, 688686, 2, 357615, 3863, 353099
1641004893, 442, 1178, 1824, 0, 0, 8.72%, 0, 4, 96, 829.19, 692656, 2, 361121, 3880, 358138
1641004898, 443, 1362, 1825, 0, 0, 8.72%, 0, 4, 96, 876.18, 697085, 2, 365397, 3905, 362203
1641004903, 444, 1012, 1826, 0, 0, 8.72%, 0, 4, 96, 794.20, 701409, 2, 369564, 3929, 367433
1641004908, 446, 1463, 1827, 0, 0, 8.72%, 0, 4, 96, 809.60, 705420, 2, 373422, 3947, 371493
1641004913, 446, 1314, 1827, 0, 0, 8.72%, 0, 4, 96, 834.21, 709654, 2, 377656, 3965, 371493
1641004918, 447, 1318, 1830, 1, 0, 8.73%, 0, 4, 96, 891.94, 714352, 2, 382030, 3981, 380180
1641004923, 450, 1239, 1831, 0, 0, 8.74%, 0, 4, 96, 914.86, 719160, 2, 386540, 3998, 385117
1641004929, 451, 1689, 1833, 0, 0, 8.74%, 0, 4, 96, 872.78, 723074, 2, 390128, 4013, 388975
1641004934, 451, 1839, 1843, 4, 1, 8.75%, 0, 4, 97, 677.50, 726651, 1, 392668, 4025, 392635
1641004939, 452, 1298, 1845, 0, 0, 8.75%, 0, 4, 98, 198.34, 730748, 2, 395952, 4040, 393531
1641004944, 452, 1433, 1845, 0, 0, 8.75%, 0, 4, 98, 355.77, 733131, 2, 398332, 4050, 393531
1641004949, 453, 1366, 1846, 0, 0, 8.75%, 0, 4, 98, 573.88, 735817, 2, 400863, 4061, 400013
1641004954, 454, 1497, 1852, 1, 0, 8.75%, 0, 4, 99, 636.62, 738929, 2, 403204, 4072, 402357
1641004959, 454, 1859, 1865, 6, 0, 8.76%, 0, 4, 99, 664.08, 742142, 1, 405032, 4081, 404232
1641004964, 454, 1868, 1879, 11, 1, 8.87%, 0, 4, 101, 689.77, 745426, 1, 406843, 4090, 406750
1641004970, 454, 1879, 1899, 20, 7, 8.92%, 0, 4, 102, 721.70, 749220, 1, 408846, 4101, 408574
1641004975, 454, 1888, 1920, 32, 6, 8.92%, 0, 4, 103, 842.71, 752188, 1, 410460, 4110, 410431
1641004980, 454, 1900, 1940, 40, 5, 8.93%, 0, 4, 104, 762.17, 756289, 1, 412530, 4122, 412527
1641004985, 454, 1903, 1953, 50, 5, 8.93%, 0, 4, 104, 436.26, 757533, 1, 413216, 4125, 413185
1641004990, 454, 1911, 1964, 53, 6, 8.93%, 0, 4, 104, 587.17, 759937, 1, 414366, 4133, 414338
1641004995, 454, 1924, 1981, 57, 5, 8.93%, 0, 4, 104, 821.43, 764064, 1, 416524, 4146, 416519
1641005000, 454, 1937, 1987, 50, 4, 8.93%, 0, 4, 105, 849.25, 768554, 1, 418986, 4159, 418939
1641005005, 454, 1942, 1993, 51, 4, 8.93%, 0, 4, 105, 514.15, 770193, 1, 419842, 4164, 419732
1641005011, 454, 1948, 1999, 51, 4, 8.93%, 0, 4, 105, 448.76, 772082, 1, 420795, 4170, 420654
1641005016, 454, 1954, 2003, 49, 4, 8.93%, 0, 4, 105, 192.37, 773894, 1, 421713, 4176, 421521
1641005021, 454, 1963, 2009, 46, 3, 8.93%, 0, 4, 105, 573.53, 776686, 1, 423143, 4185, 422970
1641005026, 454, 1972, 2012, 40, 3, 8.93%, 0, 4, 105, 133.51, 779651, 1, 424758, 4194, 424730
1641005031, 454, 1985, 2017, 32, 1, 8.93%, 0, 4, 105, 823.06, 783850, 1, 427007, 4207, 426530
1641005036, 454, 1990, 2019, 29, 1, 8.93%, 0, 4, 106, 304.27, 785650, 1, 428050, 4212, 427960
1641005041, 454, 1998, 2024, 26, 2, 8.93%, 0, 4, 106, 586.23, 788229, 1, 429392, 4220, 428974
1641005046, 454, 2003, 2025, 22, 2, 8.93%, 0, 4, 106, 218.42, 789911, 1, 430312, 4225, 429552
1641005052, 454, 2013, 2030, 17, 2, 8.93%, 0, 4, 106, 739.06, 793198, 1, 432200, 4235, 432189
1641005057, 454, 2021, 2032, 11, 3, 8.93%, 0, 4, 106, 405.02, 796000, 1, 433713, 4243, 432789
1641005062, 454, 2030, 2032, 2, 1, 8.93%, 0, 4, 106, 701.28, 799320, 1, 435717, 4252, 432789
1641005067, 455, 1919, 2032, 0, 0, 8.93%, 0, 4, 106, 708.21, 803035, 2, 439286, 4267, 432789
1641005072, 457, 1945, 2034, 0, 0, 8.94%, 0, 4, 106, 409.05, 805282, 2, 441365, 4275, 440265
1641005077, 458, 1986, 2035, 0, 0, 8.94%, 0, 4, 106, 792.95, 807592, 2, 443521, 4284, 441373
1641005082, 458, 2001, 2035, 0, 0, 8.94%, 0, 4, 106, 509.32, 809771, 2, 445700, 4291, 441373
1641005087, 458, 2035, 2036, 1, 0, 8.94%, 0, 4, 106, 469.17, 811970, 1, 447871, 4297, 447830
1641005092, 461, 2004, 2038, 0, 0, 8.94%, 0, 4, 106, 478.59, 814641, 2, 450107, 4306, 448834
1641005097, 461, 2039, 2042, 3, 1, 8.94%, 0, 4, 106, 563.79, 816577, 1, 451718, 4312, 451494
1641005103, 462, 1974, 2042, 0, 0, 8.94%, 0, 4, 106, 614.86, 819576, 2, 454425, 4321, 451719
1641005108, 464, 1914, 2045, 0, 0, 8.94%, 0, 4, 106, 728.48, 823344, 2, 457731, 4337, 457431
1641005113, 464, 2033, 2045, 0, 0, 8.94%, 0, 4, 106, 614.62, 826416, 2, 460802, 4351, 457431
1641005118, 466, 2003, 2047, 0, 0, 8.94%, 0, 4, 106, 597.94, 829140, 2, 463218, 4358, 462922
1641005123, 466, 1964, 2047, 0, 0, 8.94%, 0, 4, 106, 791.31, 833128, 2, 467206, 4370, 462922
1641005128, 467, 2047, 2048, 0, 0, 8.94%, 0, 4, 106, 235.34, 835625, 2, 469548, 4379, 468768
1641005133, 468, 2024, 2049, 1, 0, 8.94%, 0, 4, 107, 612.15, 839290, 2, 473205, 4394, 472946
1641005138, 472, 1838, 2051, 0, 0, 8.94%, 0, 4, 107, 740.00, 842605, 2, 476066, 4404, 474961
1641005143, 472, 1176, 2051, 0, 0, 8.94%, 0, 4, 107, 716.94, 846188, 2, 479648, 4419, 474961
1641005148, 472, 2052, 2053, 1, 0, 8.94%, 0, 4, 107, 703.25, 849837, 1, 482988, 4434, 482325
1641005153, 474, 1799, 2054, 1, 0, 8.94%, 0, 4, 107, 187.06, 853600, 2, 486743, 4448, 486463
1641005159, 475, 1875, 2054, 0, 0, 8.94%, 0, 4, 107, 832.92, 857630, 2, 490628, 4469, 486463
1641005164, 477, 927, 2057, 0, 0, 8.94%, 0, 4, 107, 219.82, 862076, 2, 493576, 4483, 492994
1641005169, 477, 1770, 2057, 0, 0, 8.94%, 0, 4, 107, 575.90, 865533, 2, 497033, 4500, 492994
1641005174, 478, 1382, 2058, 0, 0, 8.95%, 0, 4, 107, 651.15, 868391, 2, 499737, 4511, 497076
1641005179, 478, 1002, 2058, 0, 0, 8.95%, 0, 4, 107, 718.76, 872447, 2, 503793, 4530, 497076
1641005184, 480, 2059, 2060, 0, 0, 8.95%, 0, 4, 107, 863.59, 877021, 2, 508061, 4550, 507683
1641005189, 482, 1351, 2061, 0, 0, 8.95%, 0, 4, 107, 887.81, 881606, 2, 512484, 4571, 511074
1641005194, 482, 2061, 2063, 2, 0, 8.95%, 0, 4, 107, 870.40, 885820, 1, 516537, 4585, 516438
1641005199, 484, 1427, 2064, 0, 0, 8.95%, 0, 4, 107, 816.73, 890099, 2, 520498, 4606, 517808
1641005204, 486, 1552, 2066, 0, 0, 8.96%, 0, 4, 107, 862.11, 894368, 2, 524443, 4621, 523483
1641005210, 487, 1876, 2068, 0, 0, 8.96%, 0, 4, 107, 798.10, 898242, 2, 528008, 4636, 526577
1641005215, 490, 911, 2070, 0, 0, 8.96%, 0, 4, 107, 138.50, 901065, 2, 530523, 4644, 529207
1641005220, 490, 1418, 2070, 0, 0, 8.96%, 0, 4, 107, 681.37, 903139, 2, 532596, 4657, 529207
1641005225, 491, 2071, 2073, 1, 0, 8.97%, 0, 4, 107, 663.44, 906528, 2, 535676, 4668, 534978
1641005230, 493, 2074, 2076, 0, 0, 8.97%, 0, 4, 107, 555.13, 909154, 2, 537684, 4674, 536728
1641005235, 494, 1052, 2078, 0, 0, 9.00%, 0, 4, 107, 881.15, 913773, 2, 541991, 4696, 538618
1641005240, 496, 2080, 2081, 0, 0, 9.00%, 0, 4, 107, 833.36, 917930, 2, 545668, 4709, 544237
1641005245, 497, 1076, 2081, 0, 0, 9.00%, 0, 4, 107, 807.01, 921960, 2, 549698, 4725, 544237
1641005250, 497, 2082, 2083, 1, 0, 9.00%, 0, 4, 107, 510.64, 925103, 1, 552517, 4736, 552420
1641005255, 499, 1152, 2084, 0, 0, 9.00%, 0, 4, 107, 1129.72, 927958, 2, 555216, 4747, 553934
1641005261, 499, 1927, 2084, 0, 0, 9.00%, 0, 4, 107, 819.03, 931653, 2, 558911, 4764, 553934
1641005266, 500, 1063, 2087, 0, 0, 9.00%, 0, 4, 107, 828.57, 936262, 2, 563058, 4781, 561304
1641005271, 503, 267, 2090, 0, 0, 9.00%, 0, 4, 107, 846.46, 940522, 2, 566854, 4794, 565182
1641005276, 506, 2094, 2095, 0, 0, 9.03%, 0, 4, 107, 1050.21, 945884, 2, 571445, 4810, 570817
1641005281, 506, 2107, 2113, 6, 3, 9.03%, 0, 4, 107, 1103.14, 951124, 1, 574631, 4823, 574604
1641005286, 510, 2108, 2118, 0, 0, 9.04%, 0, 4, 107, 1160.52, 957262, 2, 579266, 4843, 578451
1641005291, 516, 2112, 2122, 0, 0, 9.04%, 0, 4, 107, 1081.44, 962072, 2, 583459, 4856, 582625
1641005296, 516, 2124, 2129, 5, 0, 9.04%, 0, 4, 107, 964.75, 966686, 1, 587609, 4876, 587515
1641005301, 516, 2132, 2133, 1, 1, 9.07%, 0, 4, 107, 1028.47, 970320, 1, 589705, 4884, 589418
1641005306, 518, 2133, 2141, 0, 0, 9.07%, 0, 4, 107, 1097.36, 975790, 2, 593550, 4897, 592223
1641005311, 522, 2146, 2147, 0, 0, 9.08%, 0, 4, 107, 1065.56, 981097, 2, 597843, 4911, 597114
1641005316, 523, 2153, 2157, 4, 2, 9.14%, 0, 4, 107, 852.83, 985020, 1, 600419, 4920, 600343
1641005321, 525, 2161, 2162, 1, 0, 9.16%, 0, 4, 107, 764.08, 988767, 1, 602685, 4931, 602603
1641005326, 527, 1789, 2163, 0, 0, 9.16%, 0, 4, 107, 842.84, 993279, 2, 607034, 4946, 604420
1641005332, 527, 1600, 2163, 0, 0, 9.16%, 0, 4, 107, 774.44, 996910, 2, 610665, 4963, 604420
1641005337, 527, 1658, 2163, 0, 0, 9.16%, 0, 4, 107, 1002.03, 1000676, 2, 614430, 4979, 604420
1641005342, 527, 2163, 2164, 1, 0, 9.16%, 0, 4, 107, 729.27, 1004107, 1, 617707, 4994, 617433
1641005347, 528, 2165, 2166, 1, 0, 9.16%, 0, 4, 107, 596.40, 1006789, 1, 619506, 5001, 619375
1641005352, 528, 2166, 2168, 2, 0, 9.16%, 0, 4, 107, 395.55, 1008498, 1, 619798, 5002, 619753
1641005357, 528, 2167, 2169, 2, 0, 9.16%, 0, 4, 107, 29.97, 1010031, 1, 620088, 5003, 619879
1641005362, 528, 2168, 2171, 3, 0, 9.16%, 0, 4, 107, 326.39, 1011698, 1, 620368, 5004, 620343
1641005367, 528, 2169, 2171, 2, 0, 9.16%, 0, 4, 107, 346.17, 1013543, 1, 620646, 5005, 620343
1641005372, 528, 2171, 2175, 4, 1, 9.16%, 0, 4, 107, 358.51, 1015390, 1, 621204, 5007, 621137
1641005378, 528, 2172, 2179, 7, 1, 9.16%, 0, 4, 107, 350.05, 1017179, 1, 621478, 5008, 621451
1641005383, 528, 2173, 2184, 11, 2, 9.16%, 0, 4, 107, 331.24, 1018818, 1, 621751, 5009, 621708
1641005388, 528, 2174, 2185, 11, 2, 9.16%, 0, 4, 107, 355.03, 1020585, 1, 622022, 5010, 621909
1641005393, 528, 2175, 2186, 11, 1, 9.16%, 0, 4, 107, 313.51, 1022207, 1, 622288, 5011, 622223
1641005398, 528, 2176, 2191, 15, 1, 9.16%, 0, 4, 107, 317.33, 1023995, 1, 622551, 5012, 622547
1641005403, 528, 2177, 2192, 15, 1, 9.16%, 0, 4, 107, 328.05, 1025706, 1, 622815, 5013, 622803
1641005408, 528, 2178, 2196, 18, 2, 9.17%, 0, 4, 107, 354.22, 1027470, 1, 623079, 5014, 622992
1641005413, 528, 2180, 2199, 19, 2, 9.17%, 0, 4, 107, 364.73, 1029346, 1, 623595, 5016, 623553
1641005419, 528, 2181, 2200, 19, 3, 9.17%, 0, 4, 107, 360.55, 1031201, 1, 623850, 5017, 623725
1641005424, 528, 2182, 2204, 22, 3, 9.17%, 0, 4, 107, 342.59, 1032887, 1, 624100, 5018, 624086
1641005429, 528, 2183, 2204, 21, 3, 9.17%, 0, 4, 107, 335.61, 1034462, 1, 624351, 5019, 624086
1641005434, 528, 2184, 2204, 20, 2, 9.17%, 0, 4, 107, 295.07, 1035973, 1, 624604, 5020, 624086
1641005439, 528, 2185, 2206, 21, 2, 9.17%, 0, 4, 107, 290.44, 1037271, 1, 624860, 5021, 624764
1641005444, 528, 2186, 2206, 20, 2, 9.17%, 0, 4, 107, 285.08, 1038661, 1, 625112, 5022, 624764
1641005454, 528, 2187, 2206, 19, 2, 9.17%, 0, 4, 107, 141.45, 1040509, 1, 625367, 5023, 624764
1641005464, 528, 2188, 2207, 19, 2, 9.17%, 0, 4, 107, 277.73, 1042528, 1, 625624, 5024, 625591
1641005474, 528, 2189, 2207, 18, 2, 9.17%, 0, 4, 107, 60.41, 1045136, 1, 625881, 5025, 625591
1641005479, 528, 2190, 2207, 17, 2, 9.17%, 0, 4, 107, 99.98, 1045645, 1, 626140, 5026, 625591
1641005485, 528, 2191, 2209, 18, 3, 9.17%, 0, 4, 107, 251.81, 1047078, 1, 626401, 5027, 626402
1641005490, 528, 2192, 2210, 18, 3, 9.17%, 0, 4, 107, 301.02, 1048471, 1, 626663, 5028, 626407
1641005500, 528, 2193, 2210, 17, 2, 9.17%, 0, 4, 107, 221.48, 1050910, 1, 627163, 5029, 626407
1641005505, 528, 2195, 2213, 18, 3, 9.17%, 0, 4, 107, 285.21, 1052421, 1, 627424, 5031, 627393
1641005510, 528, 2196, 2214, 18, 3, 9.17%, 0, 4, 107, 315.95, 1054030, 1, 627680, 5032, 627580
1641005515, 528, 2197, 2214, 17, 3, 9.17%, 0, 4, 107, 324.80, 1055660, 1, 627932, 5033, 627580
1641005520, 528, 2198, 2216, 18, 3, 9.17%, 0, 4, 107, 291.18, 1057104, 1, 628187, 5034, 628159
1641005525, 528, 2199, 2216, 17, 3, 9.17%, 0, 4, 107, 300.05, 1058613, 1, 628441, 5035, 628159
1641005530, 528, 2200, 2216, 16, 2, 9.17%, 0, 4, 107, 133.06, 1059901, 1, 628698, 5036, 628159
1641005541, 528, 2201, 2216, 15, 2, 9.17%, 0, 4, 107, 284.64, 1062722, 1, 628957, 5037, 628159
1641005546, 528, 2202, 2216, 14, 2, 9.17%, 0, 4, 107, 313.38, 1064352, 1, 629218, 5038, 628159
1641005551, 528, 2203, 2216, 13, 2, 9.17%, 0, 4, 107, 272.94, 1065765, 1, 629483, 5039, 628159
1641005556, 528, 2204, 2216, 12, 2, 9.17%, 0, 4, 107, 279.14, 1067289, 1, 629796, 5040, 628159
1641005561, 528, 2205, 2218, 13, 2, 9.17%, 0, 4, 107, 203.07, 1068209, 1, 630019, 5041, 630001
1641005566, 528, 2206, 2218, 12, 2, 9.17%, 0, 4, 107, 88.02, 1069873, 1, 630287, 5042, 630001
1641005571, 528, 2208, 2220, 12, 2, 9.17%, 0, 4, 107, 319.04, 1071800, 1, 630829, 5044, 630636
1641005576, 528, 2209, 2220, 11, 1, 9.17%, 0, 4, 107, 346.58, 1073562, 1, 631093, 5045, 630636
1641005581, 528, 2210, 2220, 10, 1, 9.17%, 0, 4, 107, 378.79, 1075521, 1, 631359, 5046, 630636
1641005587, 528, 2211, 2220, 9, 1, 9.17%, 0, 4, 107, 369.67, 1077455, 1, 631627, 5047, 630636
1641005592, 528, 2213, 2220, 7, 0, 9.17%, 0, 4, 107, 363.36, 1079311, 1, 632169, 5049, 630636
1641005597, 528, 2214, 2220, 6, 0, 9.17%, 0, 4, 107, 322.44, 1080924, 1, 632442, 5050, 630636
1641005602, 528, 2215, 2222, 7, 0, 9.17%, 0, 4, 107, 318.17, 1082498, 1, 632718, 5051, 632595
1641005607, 528, 2216, 2224, 8, 0, 9.17%, 0, 4, 107, 311.05, 1084045, 1, 632988, 5052, 632879
1641005617, 528, 2217, 2224, 7, 0, 9.17%, 0, 4, 107, 216.12, 1086405, 1, 633253, 5053, 632879
1641005622, 528, 2218, 2224, 6, 0, 9.17%, 0, 4, 107, 298.45, 1088042, 1, 633520, 5054, 632879
1641005627, 528, 2219, 2225, 6, 0, 9.17%, 0, 4, 107, 225.60, 1089212, 1, 633789, 5055, 633605
1641005633, 528, 2220, 2225, 5, 0, 9.17%, 0, 4, 107, 97.31, 1089827, 1, 634050, 5056, 633605
1641005643, 528, 2221, 2226, 5, 0, 9.17%, 0, 4, 107, 131.38, 1091032, 1, 634315, 5057, 634065
1641005653, 528, 2222, 2229, 7, 1, 9.17%, 0, 4, 107, 254.12, 1092818, 1, 634569, 5058, 634382
1641005658, 528, 2223, 2229, 6, 1, 9.17%, 0, 4, 107, 337.98, 1094682, 1, 634814, 5059, 634382
1641005663, 528, 2224, 2230, 6, 1, 9.17%, 0, 4, 107, 329.77, 1096380, 1, 635062, 5060, 634979
1641005668, 528, 2225, 2230, 5, 1, 9.17%, 0, 4, 107, 307.51, 1097841, 1, 635307, 5061, 634979
1641005673, 528, 2226, 2231, 5, 1, 9.17%, 0, 4, 107, 289.49, 1099197, 1, 635556, 5062, 635542
1641005679, 528, 2227, 2232, 5, 1, 9.17%, 0, 4, 107, 318.26, 1100931, 1, 635806, 5063, 635620
1641005684, 528, 2228, 2232, 4, 1, 9.17%, 0, 4, 107, 303.79, 1102469, 1, 636047, 5064, 635620
1641005689, 528, 2229, 2232, 3, 0, 9.17%, 0, 4, 107, 284.60, 1103817, 1, 636292, 5065, 635620
1641005694, 528, 2230, 2232, 2, 0, 9.17%, 0, 4, 107, 274.41, 1105420, 1, 636540, 5066, 635620
1641005699, 528, 2231, 2232, 1, 0, 9.17%, 0, 4, 107, 296.10, 1106986, 1, 636791, 5067, 635620
1641005704, 529, 1032, 2232, 0, 0, 9.17%, 0, 4, 107, 390.51, 1108823, 2, 637775, 5070, 635620
1641005709, 530, 1925, 2234, 0, 0, 9.18%, 0, 4, 108, 703.02, 1112863, 2, 641496, 5087, 638882
1641005714, 532, 2236, 2237, 1, 0, 9.18%, 0, 4, 108, 835.08, 1117366, 1, 645540, 5102, 645216
1641005720, 538, 674, 2240, 0, 0, 9.18%, 0, 4, 108, 838.34, 1122054, 2, 649766, 5119, 648776
1641005725, 539, 1793, 2243, 0, 0, 9.19%, 0, 4, 108, 985.90, 1126219, 2, 653376, 5135, 651521
1641005730, 539, 2243, 2244, 1, 1, 9.19%, 0, 4, 108, 735.65, 1130543, 1, 657530, 5158, 657290
1641005735, 539, 2249, 2251, 2, 2, 9.25%, 0, 4, 108, 581.04, 1133489, 1, 659450, 5164, 658799
1641005740, 540, 2256, 2257, 1, 0, 9.25%, 0, 4, 108, 633.50, 1137488, 1, 662275, 5174, 662166
1641005745, 541, 2263, 2264, 1, 0, 9.32%, 0, 5, 108, 800.58, 1140918, 1, 664727, 5182, 664036
1641005750, 543, 2268, 2271, 3, 0, 9.38%, 0, 5, 108, 130.19, 1143974, 1, 666856, 5189, 666806
1641005756, 543, 2272, 2273, 1, 0, 9.38%, 0, 5, 108, 284.58, 1145657, 1, 667930, 5193, 667767
1641005761, 545, 2245, 2275, 0, 0, 9.38%, 0, 6, 108, 713.56, 1148614, 2, 670460, 5200, 669092
1641005766, 546, 2276, 2277, 1, 0, 9.38%, 0, 6, 108, 570.28, 1151726, 1, 673373, 5209, 673150
1641005771, 548, 2282, 2283, 1, 0, 9.39%, 0, 6, 108, 902.96, 1156516, 1, 677056, 5219, 676569
1641005776, 550, 2268, 2287, 0, 0, 9.39%, 0, 6, 108, 81.78, 1160263, 2, 680187, 5228, 679074
1641005781, 552, 2248, 2292, 3, 0, 9.42%, 0, 6, 108, 702.73, 1164169, 2, 683742, 5239, 683371
1641005786, 552, 2294, 2295, 1, 0, 9.42%, 0, 6, 108, 638.39, 1167300, 1, 685125, 5245, 684664
1641005791, 554, 2298, 2300, 2, 0, 9.42%, 0, 6, 108, 877.38, 1171739, 1, 688851, 5258, 688712
1641005797, 556, 2297, 2307, 0, 0, 9.42%, 0, 6, 108, 789.38, 1176281, 2, 692143, 5271, 691724
1641005802, 557, 2307, 2308, 0, 0, 9.42%, 0, 6, 108, 814.40, 1180657, 2, 696363, 5286, 695560
1641005807, 560, 2309, 2310, 1, 0, 9.42%, 0, 6, 108, 1005.39, 1185509, 1, 700907, 5302, 700338
1641005812, 562, 1051, 2310, 0, 0, 9.42%, 0, 6, 108, 87.79, 1187913, 2, 703310, 5312, 700338
1641005817, 563, 2250, 2315, 0, 0, 9.62%, 0, 6, 108, 916.48, 1191940, 2, 706565, 5325, 704960
1641005822, 563, 2066, 2315, 0, 0, 9.62%, 0, 6, 108, 946.34, 1196648, 2, 711272, 5341, 704960
1641005827, 563, 510, 2315, 0, 0, 9.62%, 0, 6, 108, 474.48, 1199172, 2, 713795, 5351, 704960
1641005833, 563, 2067, 2315, 0, 0, 9.62%, 0, 6, 108, 653.80, 1202916, 2, 717538, 5365, 704960
1641005838, 563, 2154, 2315, 0, 0, 9.62%, 0, 6, 108, 924.87, 1207319, 2, 721941, 5384, 704960
1641005843, 565, 2321, 2323, 2, 2, 9.66%, 0, 6, 108, 1090.09, 1212858, 1, 726117, 5394, 725613
1641005848, 566, 2319, 2327, 0, 0, 9.66%, 0, 6, 108, 1153.12, 1217097, 2, 728209, 5400, 726684
1641005853, 569, 2330, 2333, 0, 0, 9.66%, 0, 6, 108, 1102.89, 1222374, 2, 732518, 5412, 731437
1641005858, 574, 2337, 2338, 0, 0, 9.66%, 0, 6, 108, 1100.24, 1227839, 2, 737153, 5424, 736517
1641005863, 578, 2332, 2344, 0, 0, 9.66%, 0, 6, 108, 1024.79, 1233126, 2, 741483, 5436, 740011
1641005868, 579, 847, 2345, 0, 0, 9.66%, 0, 6, 108, 932.80, 1237571, 2, 745773, 5450, 744213
1641005874, 579, 2345, 2346, 1, 0, 9.66%, 0, 6, 108, 118.63, 1240202, 1, 748262, 5461, 748151
1641005879, 580, 675, 2347, 0, 0, 9.66%, 0, 6, 108, 559.49, 1242752, 2, 750645, 5468, 748499
1641005884, 582, 1747, 2348, 0, 0, 9.66%, 0, 6, 108, 590.86, 1245912, 2, 753650, 5479, 750841
1641005889, 583, 2350, 2351, 0, 0, 9.66%, 0, 6, 108, 613.87, 1248985, 2, 756259, 5486, 755325
1641005894, 585, 2353, 2354, 1, 1, 9.66%, 0, 6, 108, 724.60, 1251918, 1, 758728, 5491, 758658
1641005900, 587, 2348, 2355, 1, 0, 9.66%, 0, 6, 108, 32.05, 1253618, 2, 760420, 5494, 760330
1641005905, 588, 1794, 2355, 0, 0, 9.66%, 0, 6, 108, 69.71, 1255975, 2, 762631, 5502, 760330
1641005910, 590, 680, 2356, 0, 0, 9.66%, 0, 6, 108, 552.59, 1258373, 2, 764875, 5510, 762937
1641005915, 590, 1643, 2356, 0, 0, 9.66%, 0, 6, 108, 518.27, 1262322, 2, 768824, 5523, 762937
1641005920, 590, 2356, 2360, 4, 0, 9.66%, 0, 6, 108, 485.26, 1264721, 1, 771045, 5529, 770968
1641005925, 591, 2363, 2364, 1, 0, 9.66%, 0, 6, 108, 606.58, 1268082, 1, 773404, 5537, 773151
1641005931, 594, 2364, 2365, 0, 0, 9.66%, 0, 6, 108, 691.94, 1271487, 2, 776597, 5544, 775659
1641005936, 597, 2021, 2366, 0, 0, 9.66%, 0, 6, 108, 719.67, 1275013, 2, 779960, 5558, 777286
1641005941, 601, 455, 2368, 0, 0, 9.67%, 0, 6, 108, 1015.25, 1280106, 2, 784728, 5574, 783458
1641005946, 602, 1662, 2373, 0, 0, 9.69%, 0, 6, 108, 1119.14, 1285872, 2, 789671, 5589, 787927
1641005951, 602, 2045, 2373, 0, 0, 9.69%, 0, 6, 108, 849.25, 1290020, 2, 793818, 5606, 787927
1641005956, 603, 2376, 2377, 1, 0, 9.69%, 0, 6, 108, 1114.35, 1294139, 1, 797321, 5616, 796642
1641005961, 604, 2380, 2381, 1, 0, 9.69%, 0, 6, 108, 825.00, 1296165, 1, 798726, 5621, 798609
1641005966, 606, 1636, 2383, 0, 0, 9.69%, 0, 6, 108, 728.43, 1299743, 2, 801981, 5629, 799166
1641005971, 606, 743, 2383, 0, 0, 9.69%, 0, 6, 108, 755.45, 1303889, 2, 806127, 5645, 799166
1641005976, 607, 1634, 2384, 0, 0, 9.69%, 0, 6, 108, 910.56, 1308536, 2, 809336, 5658, 807430
1641005982, 610, 2388, 2389, 0, 0, 9.69%, 0, 6, 108, 939.57, 1313380, 2, 813410, 5670, 812033
1641005987, 613, 2387, 2394, 0, 0, 9.69%, 0, 6, 108, 113.21, 1317025, 2, 816283, 5678, 815553
1641005992, 615, 735, 2395, 0, 0, 9.69%, 0, 6, 108, 713.81, 1320050, 2, 819154, 5686, 816816
1641005997, 615, 2049, 2395, 0, 0, 9.69%, 0, 6, 108, 964.08, 1325309, 2, 824413, 5703, 816816
1641006002, 615, 2164, 2395, 0, 0, 9.69%, 0, 6, 108, 805.84, 1329446, 2, 828550, 5714, 816816
1641006007, 615, 2395, 2397, 2, 0, 9.69%, 0, 6, 108, 929.33, 1333636, 1, 832686, 5725, 832590
1641006012, 616, 2403, 2405, 2, 0, 9.69%, 0, 6, 108, 1003.76, 1338952, 1, 836284, 5734, 836007
1641006017, 619, 2395, 2408, 0, 0, 9.69%, 0, 6, 108, 1051.82, 1344268, 2, 840552, 5744, 838734
1641006022, 621, 2412, 2413, 0, 0, 9.70%, 0, 6, 108, 1188.41, 1350472, 2, 846007, 5757, 844303
1641006027, 623, 1746, 2414, 0, 0, 9.70%, 0, 6, 108, 1026.10, 1355421, 2, 850801, 5773, 846271
1641006033, 624, 1585, 2415, 0, 0, 9.70%, 0, 6, 108, 785.75, 1359408, 2, 854631, 5785, 851831
1641006038, 626, 2416, 2417, 1, 0, 9.70%, 0, 6, 108, 1073.44, 1364961, 1, 859191, 5800, 858961
1641006043, 627, 1677, 2417, 0, 0, 9.70%, 0, 6, 108, 776.07, 1369164, 2, 862661, 5810, 858961
1641006048, 627, 2057, 2417, 0, 0, 9.70%, 0, 6, 108, 917.56, 1374120, 2, 867617, 5828, 858961
1641006053, 629, 459, 2418, 0, 0, 9.71%, 0, 6, 108, 318.37, 1375982, 2, 869323, 5831, 867935
1641006058, 629, 1580, 2418, 0, 0, 9.71%, 0, 6, 108, 701.39, 1379477, 2, 872818, 5843, 867935
1641006063, 629, 745, 2418, 0, 0, 9.71%, 0, 6, 108, 857.75, 1383698, 2, 877039, 5855, 867935
1641006068, 630, 1686, 2419, 0, 0, 9.71%, 0, 6, 108, 904.96, 1388268, 2, 881412, 5877, 879490
1641006075, 630, 338, 2419, 0, 0, 9.71%, 0, 6, 108, 8.29, 1391641, 2, 884784, 5888, 879490
1641006080, 630, 2420, 2421, 1, 0, 9.71%, 0, 6, 108, 906.65, 1396602, 1, 889437, 5902, 889005
1641006085, 634, 757, 2422, 0, 0, 9.71%, 0, 6, 108, 1104.11, 1402521, 2, 895202, 5917, 890594
1641006090, 636, 2425, 2427, 2, 1, 9.73%, 0, 6, 108, 1046.33, 1407754, 1, 899787, 5932, 899411
1641006095, 638, 1673, 2427, 0, 0, 9.73%, 0, 6, 108, 921.69, 1411756, 2, 903641, 5943, 899788
1641006100, 640, 2433, 2436, 3, 2, 9.76%, 0, 6, 108, 1169.43, 1417904, 1, 908527, 5955, 908288
1641006105, 640, 2446, 2449, 3, 0, 9.77%, 0, 6, 108, 1263.63, 1424474, 1, 913069, 5968, 912021
1641006110, 641, 2450, 2451, 1, 0, 9.77%, 0, 6, 108, 1327.61, 1431134, 1, 919127, 5980, 918721
1641006115, 644, 2453, 2454, 0, 0, 9.77%, 0, 6, 108, 1182.57, 1436495, 2, 924026, 5998, 923642
1641006120, 645, 558, 2454, 0, 0, 9.77%, 0, 6, 108, 953.97, 1441078, 2, 928609, 6015, 923642
1641006125, 647, 2440, 2455, 0, 0, 9.77%, 0, 6, 108, 1034.66, 1446648, 2, 934024, 6035, 928679
1641006130, 647, 2455, 2456, 1, 1, 9.77%, 0, 6, 108, 888.56, 1450551, 1, 937764, 6047, 937391
1641006135, 650, 2458, 2459, 1, 0, 9.77%, 0, 6, 108, 864.10, 1455075, 1, 941808, 6058, 941603
1641006141, 653, 1599, 2460, 0, 0, 9.77%, 0, 6, 108, 731.38, 1458391, 2, 944970, 6065, 942480
1641006146, 655, 640, 2461, 0, 0, 9.78%, 0, 6, 108, 1003.59, 1463207, 2, 949616, 6076, 948216
1641006151, 656, 2463, 2464, 0, 0, 9.81%, 0, 6, 108, 1198.47, 1469342, 2, 955246, 6090, 952569
1641006156, 657, 2465, 2467, 2, 0, 9.82%, 0, 6, 108, 334.74, 1473199, 1, 958786, 6099, 958438
1641006161, 658, 2467, 2469, 2, 0, 9.82%, 0, 6, 108, 379.36, 1475296, 1, 960705, 6103, 960560
1641006166, 658, 2470, 2474, 4, 0, 9.82%, 0, 6, 108, 384.42, 1477316, 1, 962112, 6106, 962033
1641006171, 659, 2471, 2475, 0, 0, 9.82%, 0, 6, 108, 426.69, 1479579, 2, 963775, 6111, 962487
1641006176, 659, 2475, 2476, 1, 0, 9.82%, 0, 6, 108, 488.56, 1482118, 1, 966160, 6117, 966050
1641006181, 662, 2475, 2478, 0, 0, 9.82%, 0, 6, 108, 565.15, 1485087, 2, 968817, 6122, 968010
1641006186, 663, 1783, 2478, 0, 0, 9.82%, 0, 6, 108, 590.00, 1488002, 2, 971732, 6126, 968010
1641006192, 665, 1771, 2479, 0, 0, 9.82%, 0, 6, 108, 961.98, 1493552, 2, 977116, 6141, 972285
1641006197, 667, 709, 2482, 1, 0, 9.82%, 0, 6, 108, 968.32, 1498736, 2, 981984, 6155, 977453
1641006202, 669, 1812, 2482, 0, 0, 9.82%, 0, 6, 108, 934.83, 1503692, 2, 986786, 6173, 981985
1641006207, 669, 1700, 2482, 0, 0, 9.82%, 0, 6, 108, 985.71, 1508557, 2, 991651, 6191, 981985
1641006212, 671, 946, 2483, 0, 0, 9.82%, 0, 6, 108, 799.14, 1512412, 2, 995352, 6201, 992842
1641006217, 672, 2483, 2484, 0, 0, 9.82%, 0, 6, 108, 1010.85, 1517829, 2, 1000607, 6220, 999856
1641006222, 674, 2487, 2488, 1, 0, 9.82%, 0, 6, 108, 1093.55, 1523530, 1, 1005668, 6228, 1005255
1641006227, 678, 1075, 2491, 0, 0, 9.83%, 0, 6, 108, 1133.48, 1529099, 2, 1010757, 6240, 1008288
1641006233, 680, 723, 2492, 0, 0, 9.84%, 0, 6, 108, 142.29, 1533817, 2, 1015311, 6255, 1013229
1641006238, 682, 2204, 2494, 0, 0, 9.84%, 0, 6, 108, 1090.25, 1539262, 2, 1020447, 6273, 1017103
1641006243, 684, 1781, 2495, 0, 0, 9.84%, 0, 6, 108, 786.06, 1542918, 2, 1023940, 6283, 1021443
1641006248, 685, 1775, 2496, 0, 0, 9.84%, 0, 6, 108, 1004.26, 1548106, 2, 1028974, 6299, 1024710
1641006253, 685, 1825, 2496, 0, 0, 9.84%, 0, 6, 108, 1029.34, 1553365, 2, 1034233, 6323, 1024710
1641006258, 685, 1785, 2497, 1, 0, 9.84%, 0, 6, 108, 838.19, 1557859, 2, 1038719, 6336, 1038256
1641006263, 687, 807, 2497, 0, 0, 9.84%, 0, 6, 108, 731.00, 1561523, 2, 1041230, 6341, 1038256
1641006268, 687, 1720, 2497, 0, 0, 9.84%, 0, 6, 108, 925.64, 1566198, 2, 1045905, 6357, 1038256
1641006273, 687, 2184, 2497, 0, 0, 9.84%, 0, 6, 108, 729.88, 1569328, 2, 1049035, 6367, 1038256
1641006278, 688, 2497, 2499, 1, 0, 9.85%, 0, 6, 108, 548.18, 1572120, 2, 1051665, 6373, 1051477
1641006284, 689, 2499, 2501, 1, 0, 9.86%, 0, 6, 108, 346.08, 1574230, 2, 1053465, 6376, 1053015
1641006289, 691, 1711, 2502, 0, 0, 9.86%, 0, 6, 108, 845.77, 1579196, 2, 1058131, 6387, 1053724
1641006294, 691, 1774, 2502, 0, 0, 9.86%, 0, 6, 108, 889.12, 1583851, 2, 1062786, 6409, 1053724
1641006299, 691, 2205, 2502, 0, 0, 9.86%, 0, 6, 108, 616.21, 1586926, 2, 1065861, 6422, 1053724
1641006304, 691, 406, 2502, 0, 0, 9.86%, 0, 6, 108, 612.71, 1589870, 2, 1068804, 6433, 1053724
1641006309, 691, 1727, 2502, 0, 0, 9.86%, 0, 6, 108, 477.82, 1592686, 2, 1071620, 6445, 1053724
1641006314, 691, 2502, 2503, 1, 0, 9.86%, 0, 6, 108, 340.67, 1594552, 1, 1072875, 6449, 1072529
1641006324, 693, 2503, 2505, 1, 0, 9.86%, 0, 6, 108, 658.31, 1599263, 2, 1075049, 6452, 1074953
1641006330, 693, 2506, 2508, 2, 0, 9.86%, 0, 6, 108, 945.99, 1604481, 1, 1076541, 6455, 1076227
1641006335, 694, 2508, 2510, 2, 0, 9.86%, 0, 6, 108, 826.64, 1607915, 1, 1077825, 6458, 1077825
1641006340, 695, 2506, 2511, 1, 0, 9.86%, 0, 6, 108, 845.12, 1612297, 2, 1079383, 6460, 1077825
1641006345, 697, 2504, 2511, 0, 0, 9.86%, 0, 6, 108, 902.58, 1617097, 2, 1082739, 6465, 1079384
1641006350, 700, 711, 2513, 0, 0, 9.86%, 0, 6, 108, 1068.78, 1622825, 2, 1088159, 6480, 1085993
1641006355, 700, 2223, 2513, 0, 0, 9.86%, 0, 6, 108, 678.46, 1626036, 2, 1091370, 6495, 1085993
1641006360, 700, 2513, 2514, 1, 0, 9.86%, 0, 6, 108, 530.77, 1629051, 1, 1093586, 6506, 1093512
1641006365, 701, 898, 2514, 0, 0, 9.86%, 0, 6, 108, 630.88, 1631730, 2, 1095384, 6513, 1093512
1641006370, 701, 2172, 2514, 0, 0, 9.86%, 0, 6, 108, 749.60, 1635673, 2, 1099327, 6538, 1093512
1641006376, 701, 2321, 2514, 0, 0, 9.86%, 0, 6, 108, 743.60, 1639089, 2, 1102743, 6547, 1093512
1641006381, 701, 2189, 2514, 0, 0, 9.86%, 0, 6, 108, 568.48, 1642300, 2, 1105954, 6556, 1093512
1641006386, 701, 2514, 2515, 1, 0, 9.86%, 0, 6, 108, 299.16, 1643609, 1, 1106654, 6559, 1106415
1641006396, 702, 2171, 2515, 0, 0, 9.86%, 0, 6, 108, 246.30, 1645528, 2, 1107494, 6562, 1106415
1641006401, 702, 2200, 2515, 0, 0, 9.86%, 0, 6, 108, 63.40, 1646928, 2, 1108894, 6567, 1106415
1641006406, 702, 1786, 2515, 0, 0, 9.86%, 0, 6, 108, 780.97, 1648978, 2, 1110943, 6572, 1106415
1641006411, 705, 2187, 2517, 0, 0, 9.87%, 0, 6, 108, 171.70, 1653020, 2, 1114678, 6581, 1112102
1641006416, 705, 2513, 2517, 0, 0, 9.87%, 0, 6, 108, 181.26, 1653945, 2, 1115603, 6582, 1112102
1641006421, 705, 2181, 2517, 0, 0, 9.87%, 0, 6, 108, 220.57, 1655213, 2, 1116871, 6585, 1112102
1641006426, 705, 2199, 2517, 0, 0, 9.87%, 0, 6, 108, 269.66, 1656806, 2, 1118464, 6594, 1112102
1641006431, 705, 2517, 2518, 1, 0, 9.87%, 0, 6, 108, 386.25, 1658987, 1, 1120279, 6602, 1120153
1641006436, 706, 2517, 2519, 1, 0, 9.87%, 0, 6, 108, 355.18, 1660706, 2, 1121281, 6603, 1121076
1641006442, 706, 2518, 2519, 1, 0, 9.87%, 0, 6, 108, 49.18, 1662149, 1, 1121739, 6604, 1121076
1641006447, 708, 2519, 2520, 0, 0, 9.90%, 0, 6, 108, 753.39, 1665041, 2, 1124363, 6611, 1123294
1641006452, 709, 2520, 2523, 3, 0, 9.90%, 0, 6, 108, 480.56, 1667450, 1, 1125730, 6615, 1125508
1641006457, 709, 2521, 2523, 2, 0, 9.90%, 0, 6, 108, 299.71, 1668866, 1, 1126184, 6616, 1125508
1641006462, 709, 2522, 2523, 1, 0, 9.90%, 0, 6, 108, 320.84, 1670354, 1, 1126639, 6617, 1125508
1641006472, 709, 2523, 2525, 2, 0, 9.90%, 0, 6, 108, 313.74, 1673440, 1, 1127096, 6618, 1126934
1641006477, 709, 2524, 2525, 1, 0, 9.90%, 0, 6, 108, 294.02, 1674939, 1, 1127546, 6619, 1126934
1641006487, 711, 2520, 2525, 0, 0, 9.90%, 0, 6, 108, 363.72, 1678249, 2, 1129650, 6622, 1126934
1641006493, 711, 302, 2525, 0, 0, 9.90%, 0, 6, 108, 709.27, 1681977, 2, 1133378, 6639, 1126934
1641006498, 711, 2525, 2526, 1, 0, 9.90%, 0, 6, 108, 231.69, 1684356, 1, 1135380, 6646, 1134581
1641006503, 712, 2214, 2526, 0, 0, 9.90%, 0, 6, 108, 405.65, 1686504, 2, 1136799, 6650, 1134581
1641006508, 713, 2530, 2533, 3, 0, 9.90%, 0, 6, 108, 899.13, 1691236, 1, 1140647, 6661, 1140401
1641006513, 715, 2530, 2533, 0, 0, 9.90%, 0, 6, 108, 1030.01, 1696624, 2, 1145722, 6669, 1140401
1641006518, 715, 2533, 2534, 1, 0, 9.90%, 0, 6, 108, 244.39, 1698499, 1, 1147119, 6671, 1147078
1641006523, 716, 2533, 2534, 0, 0, 9.90%, 0, 6, 108, 360.58, 1700449, 2, 1148482, 6672, 1147078
1641006528, 717, 2534, 2535, 1, 0, 9.90%, 0, 6, 108, 388.94, 1702740, 1, 1149889, 6679, 1149738
1641006533, 719, 2210, 2535, 0, 0, 9.90%, 0, 6, 108, 454.35, 1704932, 2, 1151903, 6686, 1149738
1641006538, 719, 2206, 2535, 0, 0, 9.90%, 0, 6, 108, 414.80, 1706942, 2, 1153913, 6689, 1149738
1641006544, 719, 2535, 2537, 2, 0, 9.90%, 0, 6, 108, 431.64, 1709363, 1, 1156229, 6701, 1155525
1641006554, 719, 2536, 2537, 1, 0, 9.90%, 0, 6, 108, 310.58, 1712670, 1, 1156700, 6702, 1155525
1641006559, 720, 2525, 2538, 1, 0, 9.90%, 0, 6, 108, 444.21, 1715153, 2, 1159052, 6714, 1158995
1641006564, 720, 2537, 2538, 1, 0, 9.90%, 0, 6, 108, 365.93, 1716950, 1, 1159769, 6715, 1158995
1641006569, 720, 2538, 2539, 1, 0, 9.90%, 0, 6, 108, 358.39, 1718720, 1, 1160442, 6716, 1159824
1641006574, 720, 2539, 2542, 3, 0, 9.90%, 0, 6, 108, 351.10, 1720458, 1, 1161074, 6717, 1161070
1641006579, 720, 2541, 2542, 1, 1, 9.90%, 0, 6, 108, 351.83, 1722192, 1, 1161568, 6719, 1161070
1641006589, 721, 2538, 2543, 1, 0, 9.90%, 0, 6, 108, 354.85, 1725713, 2, 1163557, 6722, 1163427
1641006594, 721, 2542, 2544, 2, 0, 9.90%, 0, 6, 108, 345.82, 1727436, 1, 1164187, 6723, 1163889
1641006599, 722, 2537, 2544, 0, 0, 9.90%, 0, 6, 108, 337.83, 1729098, 2, 1164746, 6725, 1163889
1641006605, 722, 2544, 2545, 1, 0, 9.90%, 0, 6, 108, 344.71, 1730874, 1, 1165429, 6726, 1164958
1641006610, 723, 2545, 2546, 1, 0, 9.90%, 0, 6, 108, 336.59, 1732607, 1, 1166361, 6728, 1165847
1641006615, 724, 2545, 2547, 1, 0, 9.90%, 0, 6, 108, 346.64, 1734081, 2, 1167537, 6729, 1166900
1641006620, 725, 2546, 2548, 1, 0, 9.90%, 0, 6, 108, 345.37, 1735761, 2, 1168129, 6731, 1168091
1641006625, 725, 2547, 2548, 1, 0, 9.90%, 0, 6, 108, 326.78, 1737359, 1, 1168694, 6732, 1168091
1641006630, 725, 2548, 2549, 1, 0, 9.90%, 0, 6, 108, 314.19, 1738971, 1, 1169160, 6733, 1168751
1641006635, 727, 2541, 2549, 0, 0, 9.90%, 0, 6, 108, 373.25, 1740973, 2, 1171162, 6736, 1168751
1641006640, 727, 2174, 2549, 0, 0, 9.90%, 0, 6, 108, 518.40, 1743449, 2, 1173638, 6748, 1168751
1641006645, 727, 262, 2549, 0, 0, 9.90%, 0, 6, 108, 466.05, 1745971, 2, 1176160, 6761, 1168751
1641006650, 727, 2549, 2550, 1, 0, 9.90%, 0, 6, 108, 393.46, 1748040, 1, 1177524, 6768, 1177110
1641006655, 728, 2549, 2550, 0, 0, 9.90%, 0, 6, 108, 325.14, 1749763, 2, 1178893, 6769, 1177110
1641006660, 729, 2185, 2550, 0, 0, 9.90%, 0, 6, 108, 432.49, 1752222, 2, 1181352, 6785, 1177110
1641006666, 729, 2514, 2551, 1, 0, 9.90%, 0, 6, 108, 330.09, 1753800, 2, 1182922, 6790, 1182853
1641006671, 729, 2550, 2552, 2, 0, 9.90%, 0, 6, 108, 216.63, 1754784, 1, 1183433, 6791, 1183240
1641006676, 729, 2550, 2553, 3, 0, 9.90%, 0, 6, 108, 196.34, 1755706, 1, 1183743, 6791, 1183666
1641006681, 729, 2551, 2553, 2, 0, 9.90%, 0, 6, 108, 180.14, 1756596, 1, 1183918, 6792, 1183666
1641006686, 729, 2552, 2553, 1, 0, 9.90%, 0, 6, 108, 199.97, 1757557, 1, 1184393, 6793, 1183666
1641006696, 729, 2553, 2554, 1, 0, 9.90%, 0, 6, 108, 173.44, 1759290, 1, 1184870, 6794, 1184713
1641006706, 729, 2554, 2555, 1, 0, 9.90%, 0, 6, 108, 167.96, 1760986, 1, 1185341, 6795, 1185167
1641006716, 730, 2555, 2557, 2, 0, 9.90%, 0, 6, 108, 184.35, 1762877, 1, 1186278, 6797, 1185991
1641006732, 730, 2556, 2557, 1, 0, 9.90%, 0, 6, 108, 196.18, 1764188, 1, 1186733, 6798, 1185991
1641006742, 731, 2555, 2558, 1, 0, 9.90%, 0, 6, 108, 180.36, 1765951, 2, 1187521, 6799, 1187381
1641006747, 731, 2557, 2558, 1, 0, 9.90%, 0, 6, 108, 181.56, 1766906, 1, 1188091, 6800, 1187381
1641006752, 731, 2557, 2559, 2, 0, 9.90%, 0, 6, 108, 177.29, 1767759, 1, 1188269, 6800, 1188161
1641006757, 731, 2558, 2559, 1, 0, 9.90%, 0, 6, 108, 174.70, 1768633, 1, 1188536, 6801, 1188161
1641006762, 732, 2558, 2559, 0, 0, 9.90%, 0, 6, 108, 190.83, 1769574, 2, 1189031, 6802, 1188161
1641006767, 733, 2556, 2559, 0, 0, 9.90%, 0, 6, 108, 211.96, 1770661, 2, 1190118, 6803, 1188161
1641006772, 733, 2559, 2560, 1, 0, 9.90%, 0, 6, 108, 193.97, 1771645, 1, 1190634, 6804, 1190362
1641006783, 734, 2554, 2560, 0, 0, 9.90%, 0, 6, 108, 201.87, 1773571, 2, 1191352, 6805, 1190362
1641006788, 734, 2559, 2560, 0, 0, 9.90%, 0, 6, 108, 214.86, 1774682, 2, 1192463, 6806, 1190362
1641006793, 735, 2551, 2560, 0, 0, 9.90%, 0, 6, 108, 221.64, 1775820, 2, 1193601, 6807, 1190362
1641006798, 735, 2550, 2560, 0, 0, 9.90%, 0, 6, 108, 205.40, 1776823, 2, 1194604, 6810, 1190362
1641006803, 735, 2560, 2561, 1, 1, 9.90%, 0, 6, 108, 51.64, 1777430, 1, 1195012, 6811, 1194650
1641006818, 736, 2560, 2561, 0, 0, 9.90%, 0, 6, 108, 121.72, 1779090, 2, 1195810, 6812, 1194650
1641006824, 737, 2535, 2561, 0, 0, 9.90%, 0, 6, 108, 244.31, 1780255, 2, 1196975, 6815, 1194650
1641006829, 737, 31, 2561, 0, 0, 9.90%, 0, 6, 108, 845.48, 1784747, 2, 1201467, 6869, 1194650
1641006834, 737, 404, 2562, 1, 0, 9.90%, 0, 6, 108, 977.86, 1790143, 2, 1206855, 6930, 1206771
1641006839, 738, 1296, 2562, 0, 0, 9.90%, 0, 6, 108, 939.73, 1795024, 2, 1211575, 6948, 1206771
1641006844, 738, 1460, 2562, 0, 0, 9.90%, 0, 6, 108, 805.51, 1798953, 2, 1215503, 6960, 1206771
1641006849, 739, 2563, 2564, 1, 0, 9.90%, 0, 6, 108, 760.50, 1802695, 1, 1219011, 6969, 1218442
1641006854, 740, 2001, 2565, 1, 0, 9.90%, 0, 6, 108, 545.49, 1805393, 2, 1221626, 6974, 1221538
1641006859, 741, 2036, 2565, 0, 0, 9.90%, 0, 6, 108, 441.50, 1807387, 2, 1223474, 6977, 1221538
1641006864, 742, 1857, 2565, 0, 0, 9.90%, 0, 6, 108, 530.80, 1810121, 2, 1226208, 6980, 1221538
1641006869, 744, 2567, 2568, 0, 0, 9.92%, 0, 6, 108, 813.65, 1814385, 2, 1230010, 6986, 1229245
1641006875, 745, 1513, 2569, 0, 0, 9.92%, 0, 6, 108, 696.27, 1817818, 2, 1233290, 6991, 1230602
1641006880, 746, 2570, 2572, 1, 0, 9.92%, 0, 6, 108, 765.15, 1821733, 2, 1236876, 6998, 1236708
1641006885, 748, 2574, 2575, 0, 0, 9.92%, 0, 6, 108, 738.34, 1825426, 2, 1239952, 7004, 1239106
1641006890, 750, 1859, 2576, 0, 0, 9.92%, 0, 6, 108, 717.90, 1829111, 2, 1243480, 7011, 1240823
1641006895, 750, 2005, 2576, 0, 0, 9.92%, 0, 6, 108, 594.76, 1832106, 2, 1246475, 7019, 1240823
1641006900, 751, 1965, 2577, 0, 0, 9.92%, 0, 6, 108, 591.41, 1834971, 2, 1249186, 7027, 1247579
1641006905, 752, 1940, 2579, 0, 0, 9.92%, 0, 6, 108, 591.85, 1838021, 2, 1251928, 7032, 1250845
1641006911, 753, 1410, 2582, 0, 0, 9.92%, 0, 6, 108, 915.82, 1842851, 2, 1256287, 7043, 1255555
1641006916, 753, 1989, 2582, 0, 0, 9.92%, 0, 6, 108, 432.95, 1845758, 2, 1259194, 7050, 1255555
1641006921, 753, 2562, 2582, 0, 0, 9.92%, 0, 6, 108, 503.84, 1848362, 2, 1261798, 7055, 1255555
1641006926, 753, 2585, 2588, 3, 0, 9.92%, 0, 6, 108, 578.25, 1851413, 1, 1264217, 7059, 1264126
1641006931, 755, 2582, 2589, 0, 0, 9.92%, 0, 6, 108, 635.92, 1854811, 2, 1267168, 7065, 1264580
1641006936, 756, 1451, 2590, 0, 0, 9.92%, 0, 6, 108, 624.39, 1857873, 2, 1270076, 7071, 1267782
1641006941, 756, 2578, 2590, 0, 0, 9.92%, 0, 6, 108, 743.28, 1861759, 2, 1273962, 7079, 1267782
1641006946, 756, 2047, 2590, 0, 0, 9.92%, 0, 6, 108, 633.45, 1865049, 2, 1277252, 7086, 1267782
1641006951, 756, 2591, 2592, 1, 0, 9.92%, 0, 6, 108, 99.73, 1868041, 1, 1279994, 7091, 1278857
1641006956, 756, 2592, 2593, 1, 0, 9.92%, 0, 6, 108, 205.53, 1869139, 1, 1280745, 7092, 1280457
1641006962, 756, 2594, 2595, 1, 0, 9.92%, 0, 6, 108, 48.57, 1870249, 1, 1281436, 7094, 1281286
1641006967, 757, 2592, 2596, 0, 0, 9.92%, 0, 6, 108, 368.75, 1871973, 2, 1282983, 7097, 1281491
1641006972, 757, 2595, 2596, 0, 0, 9.92%, 0, 6, 108, 315.88, 1873412, 2, 1284421, 7100, 1281491
1641006977, 758, 1949, 2596, 0, 0, 9.92%, 0, 6, 108, 593.20, 1876789, 2, 1287798, 7105, 1281491
1641006982, 758, 1485, 2596, 0, 0, 9.92%, 0, 6, 108, 728.10, 1880546, 2, 1291555, 7112, 1281491
1641006987, 758, 1334, 2596, 0, 0, 9.92%, 0, 6, 108, 656.93, 1883798, 2, 1294807, 7119, 1281491
1641006992, 758, 1522, 2596, 0, 0, 9.92%, 0, 6, 108, 768.86, 1887955, 2, 1298964, 7130, 1281491
1641006997, 759, 1045, 2597, 0, 0, 9.93%, 0, 6, 108, 766.99, 1892092, 2, 1302943, 7139, 1299879
1641007002, 759, 1802, 2597, 0, 0, 9.93%, 0, 6, 108, 344.97, 1895233, 2, 1306084, 7147, 1299879
1641007008, 759, 1692, 2597, 0, 0, 9.93%, 0, 6, 108, 719.86, 1899439, 2, 1310290, 7157, 1299879
1641007013, 759, 1880, 2597, 0, 0, 9.93%, 0, 6, 108, 702.72, 1902904, 2, 1313755, 7163, 1299879
1641007018, 759, 1944, 2597, 0, 0, 9.93%, 0, 6, 108, 614.94, 1906145, 2, 1316996, 7169, 1299879
1641007023, 761, 1942, 2598, 0, 0, 9.93%, 0, 6, 108, 664.82, 1909715, 2, 1320413, 7174, 1317781
1641007028, 761, 2059, 2598, 0, 0, 9.93%, 0, 6, 108, 812.03, 1914009, 2, 1324707, 7184, 1317781
1641007033, 761, 1344, 2598, 0, 0, 9.93%, 0, 6, 108, 573.54, 1916892, 2, 1327590, 7189, 1317781
1641007038, 761, 2598, 2599, 1, 1, 9.94%, 0, 6, 108, 541.84, 1919562, 1, 1330106, 7195, 1329708
1641007043, 763, 1430, 2599, 0, 0, 9.94%, 0, 6, 108, 650.06, 1922984, 2, 1333527, 7201, 1329708
1641007048, 763, 1162, 2599, 0, 0, 9.94%, 0, 6, 108, 699.11, 1926764, 2, 1337307, 7208, 1329708
1641007053, 763, 1983, 2599, 0, 0, 9.94%, 0, 6, 108, 835.04, 1931078, 2, 1341621, 7215, 1329708
1641007058, 763, 1999, 2599, 0, 0, 9.94%, 0, 6, 108, 682.99, 1934359, 2, 1344902, 7220, 1329708
1641007063, 763, 2577, 2599, 0, 0, 9.94%, 0, 6, 108, 733.68, 1938141, 2, 1348684, 7226, 1329708
1641007068, 763, 937, 2599, 0, 0, 9.94%, 0, 6, 108, 819.10, 1942299, 2, 1352842, 7231, 1329708
1641007074, 763, 1551, 2599, 0, 0, 9.94%, 0, 6, 108, 421.25, 1945615, 2, 1356158, 7238, 1329708
1641007079, 763, 2236, 2599, 0, 0, 9.94%, 0, 6, 108, 722.51, 1949591, 2, 1360134, 7247, 1329708
1641007084, 763, 1946, 2599, 0, 0, 9.94%, 0, 6, 108, 660.18, 1953080, 2, 1363623, 7253, 1329708
1641007089, 763, 1963, 2599, 0, 0, 9.94%, 0, 6, 108, 687.34, 1956238, 2, 1366781, 7259, 1329708
1641007094, 763, 2600, 2602, 2, 1, 9.94%, 0, 6, 108, 823.86, 1960536, 1, 1370656, 7267, 1370224
1641007099, 764, 2604, 2605, 1, 1, 9.94%, 0, 6, 108, 843.47, 1964852, 1, 1374283, 7277, 1374256
1641007104, 765, 1183, 2605, 0, 0, 9.94%, 0, 6, 108, 765.30, 1968793, 2, 1378143, 7286, 1374256
1641007109, 765, 1173, 2605, 0, 0, 9.94%, 0, 6, 108, 780.48, 1972484, 2, 1381834, 7292, 1374256
1641007115, 765, 1100, 2605, 0, 0, 9.94%, 0, 6, 108, 783.75, 1976513, 2, 1385863, 7300, 1374256
1641007120, 765, 2017, 2605, 0, 0, 9.94%, 0, 6, 108, 647.91, 1979646, 2, 1388996, 7307, 1374256
1641007125, 765, 1933, 2605, 0, 0, 9.94%, 0, 6, 108, 648.38, 1982511, 2, 1391861, 7313, 1374256
1641007130, 765, 2576, 2605, 0, 0, 9.94%, 0, 6, 108, 703.50, 1986124, 2, 1395474, 7321, 1374256
1641007135, 765, 1953, 2605, 0, 0, 9.94%, 0, 6, 108, 720.14, 1989876, 2, 1399226, 7328, 1374256
1641007140, 765, 992, 2605, 0, 0, 9.94%, 0, 6, 108, 746.93, 1993454, 2, 1402804, 7336, 1374256
1641007145, 765, 2606, 2607, 1, 0, 9.94%, 0, 6, 108, 682.30, 1996720, 1, 1405758, 7340, 1405151
1641007150, 767, 2607, 2608, 0, 0, 9.94%, 0, 6, 108, 622.53, 1999825, 2, 1408709, 7343, 1406557
1641007155, 768, 892, 2608, 0, 0, 9.94%, 0, 6, 108, 800.15, 2004099, 2, 1412983, 7355, 1406557
1641007160, 769, 1433, 2610, 0, 0, 9.94%, 0, 6, 108, 894.81, 2008655, 2, 1417227, 7363, 1415679
1641007166, 769, 1408, 2610, 0, 0, 9.94%, 0, 6, 108, 710.64, 2012201, 2, 1420773, 7369, 1415679
1641007171, 769, 1985, 2610, 0, 0, 9.94%, 0, 6, 108, 600.44, 2015286, 2, 1423858, 7377, 1415679
1641007176, 769, 1361, 2610, 0, 0, 9.94%, 0, 6, 108, 705.03, 2018713, 2, 1427285, 7385, 1415679
1641007181, 769, 1816, 2610, 0, 0, 9.94%, 0, 6, 108, 748.83, 2022092, 2, 1430664, 7390, 1415679
1641007186, 769, 1991, 2610, 0, 0, 9.94%, 0, 6, 108, 801.46, 2026133, 2, 1434705, 7397, 1415679
1641007191, 769, 1928, 2610, 0, 0, 9.94%, 0, 6, 108, 793.61, 2029866, 2, 1438438, 7404, 1415679
1641007196, 770, 2610, 2611, 0, 0, 9.95%, 0, 6, 108, 769.59, 2033736, 2, 1442155, 7411, 1440808
1641007201, 772, 1315, 2612, 0, 0, 9.95%, 0, 6, 108, 783.47, 2037732, 2, 1445998, 7416, 1442757
1641007206, 772, 2612, 2617, 5, 1, 9.98%, 0, 7, 108, 1082.37, 2041390, 1, 1449464, 7421, 1449305
1641007211, 772, 2620, 2627, 7, 3, 10.03%, 0, 7, 108, 1054.64, 2046486, 1, 1453323, 7429, 1452854
1641007217, 772, 2627, 2643, 16, 5, 10.10%, 0, 7, 108, 1081.69, 2051336, 1, 1456913, 7436, 1456830
1641007222, 772, 2636, 2652, 16, 7, 10.11%, 0, 7, 108, 1064.57, 2056591, 1, 1460855, 7445, 1460182
1641007227, 772, 2644, 2657, 13, 4, 10.11%, 0, 7, 108, 986.96, 2061451, 1, 1464379, 7453, 1463823
1641007232, 772, 2652, 2665, 13, 6, 10.22%, 0, 7, 108, 1055.49, 2065828, 1, 1467596, 7461, 1467330
1641007237, 772, 2661, 2674, 13, 5, 10.31%, 0, 7, 108, 1023.97, 2070934, 1, 1471166, 7470, 1470552
1641007242, 772, 2670, 2688, 18, 6, 10.38%, 0, 7, 108, 1043.71, 2076353, 1, 1474982, 7479, 1474400
1641007247, 772, 2676, 2696, 20, 7, 10.40%, 0, 7, 108, 664.29, 2079623, 1, 1477140, 7485, 1477034
1641007252, 772, 2682, 2702, 20, 6, 10.40%, 0, 7, 108, 763.32, 2083137, 1, 1479569, 7491, 1478583
1641007257, 772, 2690, 2711, 21, 4, 10.40%, 0, 7, 108, 867.51, 2087816, 1, 1482884, 7499, 1482743
1641007262, 772, 2696, 2724, 28, 3, 10.42%, 0, 7, 108, 765.50, 2091629, 1, 1485281, 7505, 1485280
1641007268, 772, 2700, 2728, 28, 3, 10.42%, 0, 7, 108, 536.10, 2094233, 1, 1487091, 7509, 1487072
1641007273, 772, 2707, 2735, 28, 6, 10.44%, 0, 8, 108, 960.00, 2097944, 1, 1489717, 7516, 1489217
1641007278, 772, 2714, 2745, 31, 9, 10.46%, 0, 8, 108, 841.99, 2101932, 1, 1492577, 7523, 1492179
1641007283, 772, 2719, 2751, 32, 9, 10.46%, 0, 8, 108, 216.62, 2105139, 1, 1494501, 7528, 1494482
1641007288, 772, 2725, 2756, 31, 10, 10.47%, 0, 8, 108, 760.38, 2109243, 1, 1497190, 7534, 1496588
1641007293, 772, 2732, 2761, 29, 9, 10.47%, 0, 8, 108, 852.02, 2113294, 1, 1500149, 7541, 1498896
1641007298, 772, 2740, 2769, 29, 9, 10.47%, 0, 8, 108, 467.82, 2117714, 1, 1503334, 7549, 1503108
1641007304, 772, 2747, 2771, 24, 6, 10.47%, 0, 8, 108, 61.22, 2121837, 1, 1506339, 7556, 1505920
1641007309, 772, 2748, 2774, 26, 7, 10.47%, 0, 8, 108, 408.25, 2123035, 1, 1507094, 7557, 1506884
1641007314, 772, 2753, 2775, 22, 7, 10.47%, 0, 8, 108, 630.15, 2126423, 1, 1509295, 7562, 1509062
1641007319, 772, 2762, 2780, 18, 6, 10.47%, 0, 8, 108, 893.47, 2131442, 1, 1512853, 7571, 1512766
1641007324, 772, 2768, 2786, 18, 2, 10.47%, 0, 8, 108, 696.78, 2135276, 1, 1515753, 7577, 1515625
1641007329, 772, 2775, 2788, 14, 1, 10.47%, 0, 8, 108, 827.03, 2139694, 1, 1518822, 7584, 1518545
1641007334, 772, 2782, 2795, 14, 0, 10.53%, 0, 8, 108, 784.32, 2143887, 1, 1521751, 7591, 1521482
1641007339, 772, 2787, 2800, 14, 2, 10.53%, 0, 8, 108, 917.96, 2146801, 1, 1523913, 7596, 1523869
1641007345, 772, 2794, 2806, 13, 3, 10.53%, 0, 8, 108, 890.31, 2151393, 1, 1527112, 7603, 1526397
1641007350, 772, 2799, 2810, 12, 2, 10.53%, 0, 8, 108, 773.18, 2154879, 1, 1529594, 7608, 1529363
1641007355, 772, 2805, 2817, 13, 4, 10.54%, 0, 8, 108, 679.89, 2158282, 1, 1531911, 7614, 1531781
1641007360, 772, 2811, 2821, 11, 4, 10.54%, 0, 8, 108, 721.49, 2162344, 1, 1534617, 7620, 1533154
1641007365, 772, 2817, 2823, 7, 1, 10.54%, 0, 8, 108, 696.53, 2166098, 1, 1537454, 7626, 1535591
1641007370, 772, 2822, 2828, 7, 0, 10.54%, 0, 8, 108, 585.80, 2169178, 1, 1539527, 7631, 1539180
1641007375, 772, 2827, 2831, 5, 1, 10.54%, 0, 8, 108, 653.60, 2172580, 1, 1541866, 7636, 1541180
1641007381, 772, 2832, 2834, 3, 0, 10.54%, 0, 8, 108, 684.21, 2176129, 1, 1544301, 7641, 1543067
1641093902, 773, 2771, 2834, 1, 0, 10.54%, 0, 9, 108, 0.00, 2176897, 1, 1544824, 31363574, 1543067
