# unix_time, cycles_done, cur_path, paths_total, pending_total, pending_favs, map_size, unique_crashes, unique_hangs, max_depth, execs_per_sec, total_execs, state, total_fuzz, total_select, total_energy_used
1641004041, 0, 0, 1, 1, 1, 5.46%, 0, 0, 1, 96.39, 8, 0, 0, 0, 1
1641004046, 0, 12, 44, 32, 17, 7.23%, 0, 0, 3, 731.28, 3673, 1, 1278, 12, 1175
1641004051, 0, 33, 60, 27, 12, 7.29%, 0, 0, 3, 770.03, 7556, 1, 1825, 33, 1808
1641004056, 0, 67, 73, 6, 3, 7.35%, 0, 0, 5, 722.30, 11332, 1, 2866, 67, 2828
1641004061, 9, 82, 83, 1, 1, 7.43%, 0, 0, 7, 726.43, 14996, 1, 5915, 123, 5863
1641004066, 17, 96, 98, 1, 0, 7.58%, 0, 0, 8, 677.46, 18463, 2, 8219, 155, 8187
1641004072, 18, 143, 165, 22, 5, 8.06%, 0, 0, 15, 713.15, 22195, 1, 11136, 203, 11074
1641004077, 18, 183, 208, 25, 5, 8.30%, 0, 0, 16, 572.09, 25249, 1, 13262, 243, 13239
1641004082, 18, 212, 234, 22, 4, 8.54%, 0, 0, 18, 496.44, 27651, 1, 14653, 272, 14602
1641004087, 18, 236, 256, 20, 4, 8.78%, 0, 0, 19, 436.16, 29743, 1, 15840, 296, 15841
1641004092, 18, 257, 275, 18, 5, 8.80%, 0, 0, 19, 395.54, 31678, 1, 17101, 317, 16790
1641004097, 18, 278, 299, 21, 3, 8.81%, 0, 0, 21, 365.23, 33479, 1, 18198, 338, 18077
1641004102, 18, 300, 321, 21, 3, 8.88%, 0, 0, 22, 367.69, 35355, 1, 19352, 360, 19269
1641004107, 18, 321, 350, 29, 7, 9.19%, 0, 0, 23, 380.00, 37304, 1, 20480, 381, 20477
1641004113, 18, 341, 372, 31, 7, 9.21%, 0, 0, 24, 364.90, 39145, 1, 21479, 401, 21480
1641004118, 18, 361, 381, 20, 6, 9.27%, 0, 0, 24, 374.55, 41039, 1, 22599, 421, 22583
1641004123, 18, 381, 396, 15, 3, 9.27%, 0, 0, 25, 373.11, 42819, 1, 23637, 441, 23527
1641004128, 18, 400, 405, 5, 0, 9.30%, 0, 0, 27, 368.94, 44673, 1, 24634, 460, 24619
1641004133, 20, 130, 410, 0, 0, 9.35%, 0, 0, 28, 412.48, 46724, 2, 26105, 482, 25733
1641004138, 22, 412, 413, 1, 0, 9.35%, 0, 0, 28, 397.44, 48814, 1, 28106, 503, 27972
1641004143, 26, 418, 420, 2, 2, 9.35%, 0, 0, 28, 381.88, 50794, 1, 29915, 526, 29801
1641004148, 29, 205, 424, 0, 0, 9.35%, 0, 0, 31, 426.12, 52904, 2, 31709, 547, 31359
1641004154, 29, 443, 450, 7, 1, 9.47%, 0, 0, 31, 35.16, 54720, 1, 33114, 567, 33114
1641004159, 30, 457, 459, 2, 1, 9.52%, 0, 0, 31, 238.57, 56357, 1, 34371, 585, 34287
1641004164, 34, 115, 469, 0, 0, 9.53%, 0, 0, 31, 417.28, 58691, 2, 36522, 611, 35768
1641004169, 36, 460, 485, 3, 0, 9.60%, 0, 0, 31, 403.15, 60757, 2, 38360, 634, 38346
1641004174, 37, 497, 501, 4, 1, 9.67%, 0, 0, 31, 402.85, 62845, 1, 40178, 658, 40162
1641004179, 40, 511, 518, 7, 1, 9.68%, 0, 0, 31, 47.45, 64623, 1, 41692, 677, 41689
1641004184, 44, 513, 523, 0, 0, 9.68%, 0, 0, 31, 386.93, 66275, 2, 43208, 697, 42834
1641004190, 47, 463, 527, 0, 0, 9.68%, 0, 0, 31, 343.58, 67826, 2, 44699, 713, 44152
1641004195, 51, 529, 531, 0, 0, 9.72%, 0, 0, 31, 373.06, 69790, 2, 46595, 733, 46396
1641004200, 51, 373, 531, 0, 0, 9.72%, 0, 0, 31, 412.08, 71894, 2, 48699, 752, 46396
1641004205, 53, 543, 545, 2, 0, 10.02%, 0, 0, 31, 469.80, 74246, 1, 50417, 772, 50380
1641004210, 58, 549, 554, 0, 0, 10.07%, 0, 0, 31, 399.68, 76034, 2, 52009, 793, 51875
1641004215, 62, 525, 560, 0, 0, 10.08%, 0, 0, 31, 297.69, 77867, 2, 53774, 811, 53319
1641004221, 63, 566, 568, 2, 1, 10.27%, 0, 0, 31, 410.40, 80091, 1, 55880, 834, 55851
1641004226, 63, 585, 593, 8, 3, 10.34%, 0, 0, 31, 418.82, 82236, 1, 57408, 853, 57397
1641004231, 64, 588, 597, 0, 0, 10.34%, 0, 0, 31, 432.36, 84405, 2, 59217, 869, 58368
1641004236, 66, 553, 599, 0, 0, 10.34%, 0, 0, 31, 392.96, 86351, 2, 61115, 886, 60259
1641004241, 69, 606, 609, 3, 2, 10.34%, 0, 0, 31, 387.99, 88343, 1, 62917, 901, 62874
1641004246, 70, 617, 623, 1, 0, 10.36%, 0, 0, 31, 377.31, 90158, 2, 64261, 919, 64255
1641004251, 75, 612, 629, 0, 0, 10.36%, 0, 0, 32, 384.35, 92118, 2, 66091, 938, 65473
1641004256, 76, 171, 631, 0, 0, 10.36%, 0, 0, 32, 395.92, 94100, 2, 68016, 956, 66796
1641004261, 80, 637, 640, 3, 0, 10.38%, 0, 0, 34, 399.15, 96102, 1, 69868, 971, 69830
1641004266, 86, 640, 646, 0, 0, 10.38%, 0, 0, 34, 406.49, 98152, 2, 71787, 988, 71436
1641004271, 87, 652, 653, 1, 0, 10.39%, 0, 0, 34, 371.73, 99946, 1, 73285, 1004, 73078
1641004276, 91, 662, 663, 1, 0, 10.40%, 0, 0, 36, 381.96, 101950, 1, 74829, 1019, 74821
1641004281, 94, 670, 671, 1, 0, 10.40%, 0, 0, 39, 367.40, 103748, 1, 75990, 1032, 75912
1641004286, 99, 673, 674, 0, 0, 10.40%, 0, 0, 40, 402.13, 105780, 2, 77715, 1047, 77285
1641004292, 102, 273, 679, 0, 0, 10.40%, 0, 0, 40, 398.43, 107751, 2, 79437, 1063, 78458
1641004297, 104, 568, 680, 0, 0, 10.40%, 0, 0, 40, 380.93, 109584, 2, 81234, 1080, 80304
1641004302, 106, 580, 682, 0, 0, 10.40%, 0, 0, 40, 388.26, 111518, 2, 83109, 1099, 81970
1641004307, 109, 685, 687, 2, 1, 10.48%, 0, 0, 40, 397.61, 113557, 1, 85005, 1112, 84850
1641004312, 111, 687, 688, 0, 0, 10.48%, 0, 0, 40, 395.52, 115619, 2, 87019, 1131, 86726
1641004317, 114, 591, 691, 0, 0, 10.48%, 0, 0, 40, 386.17, 117468, 2, 88747, 1143, 87688
1641004322, 114, 398, 691, 0, 0, 10.48%, 0, 0, 40, 403.14, 119480, 2, 90758, 1162, 87688
1641004327, 117, 695, 696, 0, 0, 10.48%, 0, 0, 40, 398.77, 121452, 2, 92478, 1174, 91833
1641004332, 120, 380, 698, 0, 0, 10.48%, 0, 0, 40, 417.36, 123533, 2, 94516, 1194, 92748
1641004337, 120, 148, 698, 0, 0, 10.48%, 0, 0, 40, 419.24, 125616, 2, 96598, 1211, 92748
1641004342, 120, 593, 698, 0, 0, 10.48%, 0, 0, 40, 418.92, 127688, 2, 98670, 1229, 92748
1641004348, 122, 249, 699, 0, 0, 10.48%, 0, 0, 40, 375.70, 129413, 2, 100349, 1241, 98791
1641004353, 122, 706, 712, 6, 2, 10.85%, 0, 0, 40, 410.99, 131298, 1, 101617, 1252, 101522
1641004358, 122, 715, 730, 15, 3, 10.86%, 0, 0, 40, 393.47, 133232, 1, 102704, 1261, 102697
1641004363, 122, 725, 740, 15, 3, 10.88%, 0, 0, 40, 388.90, 135188, 1, 103853, 1271, 103800
1641004368, 122, 734, 746, 12, 3, 10.90%, 0, 0, 40, 382.19, 137189, 1, 105086, 1280, 105023
1641004373, 122, 742, 750, 8, 3, 10.96%, 0, 0, 40, 367.46, 139084, 1, 106195, 1288, 106108
1641004378, 122, 749, 765, 16, 4, 11.01%, 0, 0, 40, 376.82, 140981, 1, 107145, 1295, 106968
1641004383, 122, 755, 777, 22, 3, 11.01%, 0, 0, 40, 9.04, 142448, 1, 107768, 1301, 107651
1641004389, 122, 759, 782, 23, 5, 11.03%, 0, 0, 40, 255.70, 143629, 1, 108215, 1305, 108216
1641004394, 122, 766, 790, 24, 4, 11.03%, 0, 0, 40, 318.85, 145312, 1, 109048, 1312, 109035
1641004399, 122, 774, 791, 17, 4, 11.03%, 0, 0, 40, 360.95, 147197, 1, 109837, 1320, 109209
1641004404, 122, 782, 796, 14, 1, 11.03%, 0, 0, 40, 367.07, 149138, 1, 110858, 1328, 110625
1641004409, 122, 790, 799, 9, 0, 11.03%, 0, 0, 40, 363.52, 150969, 1, 111794, 1336, 111349
1641004414, 122, 798, 802, 4, 0, 11.03%, 0, 0, 40, 377.53, 152950, 1, 112896, 1344, 112668
1641004419, 122, 805, 807, 2, 0, 11.03%, 0, 0, 40, 305.00, 154438, 1, 113627, 1351, 113549
1641004424, 123, 755, 808, 0, 0, 11.03%, 0, 0, 41, 249.71, 156033, 2, 115056, 1361, 113765
1641004430, 124, 808, 809, 0, 0, 11.03%, 0, 0, 41, 367.43, 158061, 2, 117005, 1372, 116429
1641004435, 126, 810, 814, 4, 1, 11.11%, 0, 0, 41, 389.08, 160115, 1, 118878, 1383, 118865
1641004440, 126, 818, 828, 10, 2, 11.12%, 0, 0, 41, 329.33, 161743, 1, 119801, 1391, 119477
1641004445, 126, 826, 830, 4, 1, 11.12%, 0, 0, 41, 390.60, 163575, 1, 120899, 1399, 120015
1641004450, 126, 834, 836, 2, 0, 11.12%, 0, 0, 42, 404.08, 165430, 1, 121999, 1407, 121974
1641004455, 128, 831, 839, 1, 0, 11.12%, 0, 0, 42, 416.37, 167179, 2, 123453, 1414, 123369
1641004460, 130, 836, 843, 1, 0, 11.12%, 0, 0, 43, 341.26, 168739, 2, 124603, 1420, 124433
1641004465, 134, 734, 846, 0, 0, 11.12%, 0, 0, 43, 387.60, 170817, 2, 126397, 1433, 125866
1641004470, 135, 813, 847, 0, 0, 11.12%, 0, 0, 43, 391.73, 172774, 2, 128249, 1442, 126822
1641004475, 136, 848, 849, 0, 0, 11.12%, 0, 0, 43, 391.82, 174735, 2, 130005, 1451, 129556
1641004480, 138, 839, 850, 0, 0, 11.12%, 0, 0, 43, 389.17, 176698, 2, 131854, 1459, 130070
1641004485, 138, 825, 850, 0, 0, 11.12%, 0, 0, 43, 344.71, 178388, 2, 133544, 1469, 130070
1641004491, 140, 835, 851, 0, 0, 11.12%, 0, 0, 43, 377.98, 180361, 2, 135421, 1478, 134119
1641004496, 140, 852, 854, 2, 0, 11.12%, 0, 0, 43, 392.80, 182430, 1, 137318, 1488, 137175
1641004501, 142, 762, 856, 1, 0, 11.12%, 0, 0, 43, 398.79, 184495, 2, 139168, 1496, 139065
1641004506, 143, 844, 856, 0, 0, 11.12%, 0, 0, 43, 405.56, 186548, 2, 141165, 1507, 139065
1641004511, 146, 859, 860, 1, 0, 11.12%, 0, 0, 43, 399.36, 188607, 1, 142952, 1516, 142883
1641004516, 148, 845, 860, 0, 0, 11.12%, 0, 0, 43, 399.53, 190602, 2, 144920, 1526, 142883
1641004521, 148, 833, 860, 0, 0, 11.12%, 0, 0, 43, 78.07, 192488, 2, 146806, 1536, 142883
1641004526, 148, 798, 860, 0, 0, 11.12%, 0, 0, 43, 325.38, 194376, 2, 148694, 1545, 142883
1641004531, 151, 712, 862, 0, 0, 11.12%, 0, 0, 43, 387.12, 196427, 2, 150617, 1553, 149236
1641004536, 152, 862, 864, 0, 0, 11.12%, 0, 0, 43, 398.24, 198467, 2, 152581, 1563, 152123
1641004541, 153, 701, 864, 0, 0, 11.12%, 0, 0, 43, 410.63, 200534, 2, 154648, 1578, 152123
1641004547, 153, 840, 865, 1, 0, 11.12%, 0, 0, 44, 409.14, 202683, 2, 156789, 1598, 156766
1641004552, 156, 170, 866, 0, 0, 11.12%, 0, 0, 45, 333.45, 204236, 2, 158184, 1604, 157370
1641004557, 156, 308, 866, 0, 0, 11.12%, 0, 0, 45, 394.64, 206387, 2, 160335, 1622, 157370
1641004562, 156, 866, 868, 2, 0, 11.12%, 0, 0, 45, 357.74, 208142, 1, 162063, 1636, 161961
1641004567, 157, 870, 871, 0, 0, 11.12%, 0, 0, 45, 289.92, 209061, 2, 162902, 1641, 162328
1641004572, 158, 869, 871, 0, 0, 11.12%, 0, 0, 45, 160.03, 209696, 2, 163537, 1644, 162328
1641004577, 158, 872, 874, 2, 1, 11.12%, 0, 0, 45, 296.75, 211111, 1, 164877, 1653, 164590
1641004582, 161, 874, 875, 0, 0, 11.12%, 0, 0, 45, 363.55, 213037, 2, 166723, 1664, 166363
1641004587, 162, 878, 881, 0, 0, 11.12%, 0, 0, 45, 376.89, 214941, 2, 168201, 1671, 167443
1641004592, 164, 881, 882, 0, 0, 11.12%, 0, 0, 45, 370.14, 216711, 2, 169923, 1676, 169368
1641004597, 167, 875, 885, 0, 0, 11.12%, 0, 0, 45, 396.99, 218727, 2, 171860, 1684, 170497
1641004602, 167, 114, 885, 0, 0, 11.12%, 0, 0, 45, 391.31, 220646, 2, 173779, 1706, 170497
1641004607, 167, 885, 887, 2, 1, 11.71%, 0, 0, 45, 389.72, 222645, 1, 175730, 1729, 175661
1641004612, 167, 894, 902, 8, 2, 11.72%, 0, 0, 45, 328.11, 224220, 1, 177142, 1738, 177135
1641004618, 167, 905, 914, 9, 0, 11.72%, 0, 0, 45, 310.65, 225717, 1, 178468, 1749, 178210
1641004623, 167, 912, 920, 8, 0, 11.72%, 0, 0, 45, 271.43, 227047, 1, 179574, 1756, 179411
1641004628, 167, 919, 929, 10, 0, 11.72%, 0, 0, 45, 253.63, 228324, 1, 180578, 1763, 180402
1641004633, 167, 927, 929, 2, 0, 11.72%, 0, 0, 45, 265.54, 229680, 1, 181782, 1771, 180579
1641004638, 167, 931, 936, 5, 0, 11.72%, 0, 0, 45, 223.48, 230796, 1, 182448, 1775, 182398
1641004643, 167, 935, 939, 4, 1, 11.72%, 0, 0, 45, 219.27, 231920, 1, 183088, 1779, 182940
1641004648, 167, 938, 944, 6, 1, 11.72%, 0, 0, 45, 209.10, 233013, 1, 183521, 1782, 183454
1641004658, 167, 941, 947, 6, 1, 11.73%, 0, 0, 45, 204.64, 235037, 1, 183924, 1785, 183815
1641004663, 167, 944, 948, 4, 1, 11.73%, 0, 0, 45, 210.44, 236109, 1, 184330, 1788, 184214
1641004674, 167, 945, 949, 4, 2, 11.73%, 0, 0, 45, 179.06, 237959, 1, 184462, 1789, 184342
1641004679, 167, 945, 950, 5, 2, 11.73%, 0, 0, 45, 171.10, 238813, 1, 184520, 1789, 184479
1641004684, 167, 947, 952, 5, 1, 11.73%, 0, 0, 45, 188.47, 239789, 1, 184694, 1791, 184657
1641004689, 167, 948, 958, 10, 1, 11.73%, 0, 0, 45, 189.68, 240763, 1, 184807, 1792, 184803
1641004704, 167, 949, 958, 9, 0, 11.73%, 0, 0, 45, 172.50, 243468, 1, 184926, 1793, 184803
1641004709, 167, 950, 959, 9, 0, 11.73%, 0, 0, 45, 178.78, 244363, 1, 185055, 1794, 184985
1641004714, 167, 951, 960, 9, 0, 11.73%, 0, 0, 45, 194.35, 245366, 1, 185179, 1795, 185065
1641004719, 167, 952, 961, 9, 0, 11.73%, 0, 0, 45, 200.63, 246375, 1, 185292, 1796, 185201
1641004729, 167, 953, 963, 10, 0, 11.73%, 0, 0, 45, 195.24, 248398, 1, 185397, 1797, 185388
1641004735, 167, 954, 965, 11, 0, 11.73%, 0, 0, 45, 195.57, 249411, 1, 185509, 1798, 185420
1641004745, 167, 955, 965, 10, 0, 11.73%, 0, 0, 45, 196.90, 251400, 1, 185613, 1799, 185420
1641004750, 167, 956, 965, 9, 0, 11.73%, 0, 0, 45, 196.74, 252386, 1, 185728, 1800, 185420
1641004760, 167, 957, 965, 8, 0, 11.73%, 0, 0, 45, 198.19, 254394, 1, 185853, 1801, 185420
1641004770, 167, 958, 965, 7, 0, 11.73%, 0, 0, 45, 159.83, 256195, 1, 185986, 1802, 185420
1641004775, 167, 959, 966, 7, 0, 11.73%, 0, 0, 45, 171.81, 257051, 1, 186127, 1803, 186041
1641004780, 167, 960, 967, 7, 0, 11.73%, 0, 0, 45, 192.95, 258079, 1, 186261, 1804, 186141
1641004791, 167, 961, 969, 8, 0, 11.73%, 0, 0, 45, 196.00, 260110, 1, 186384, 1805, 186364
1641004796, 167, 961, 970, 9, 0, 11.73%, 0, 0, 45, 194.93, 261110, 1, 186436, 1805, 186391
1641004801, 167, 962, 970, 8, 0, 11.73%, 0, 0, 45, 193.25, 262094, 1, 186510, 1806, 186391
1641004811, 167, 963, 971, 8, 0, 11.73%, 0, 0, 45, 192.33, 264078, 1, 186624, 1807, 186527
1641004817, 167, 964, 973, 9, 0, 11.73%, 0, 0, 45, 191.41, 265053, 1, 186730, 1808, 186698
1641004827, 167, 965, 973, 8, 0, 11.73%, 0, 0, 45, 166.13, 266892, 1, 186838, 1809, 186698
1641004837, 167, 966, 978, 12, 1, 11.75%, 0, 0, 45, 153.95, 268424, 1, 186956, 1810, 186940
1641004847, 167, 967, 979, 12, 1, 11.75%, 0, 0, 45, 193.00, 270427, 1, 187078, 1811, 186974
1641004857, 167, 968, 982, 14, 1, 11.75%, 0, 0, 45, 193.68, 272420, 1, 187191, 1812, 187188
1641004863, 167, 969, 983, 14, 1, 11.75%, 0, 0, 45, 193.11, 273419, 1, 187310, 1813, 187207
1641004873, 167, 970, 983, 13, 1, 11.75%, 0, 0, 45, 184.53, 275386, 1, 187420, 1814, 187207
1641004883, 167, 971, 985, 14, 1, 11.75%, 0, 0, 45, 184.56, 277246, 1, 187540, 1815, 187444
1641004888, 167, 972, 985, 13, 1, 11.75%, 0, 0, 45, 186.35, 278217, 1, 187651, 1816, 187444
1641004898, 167, 973, 985, 12, 1, 11.75%, 0, 0, 45, 176.41, 280079, 1, 187772, 1817, 187444
1641004904, 167, 974, 985, 11, 1, 11.75%, 0, 0, 45, 166.06, 280913, 1, 187902, 1818, 187444
1641004914, 167, 974, 986, 12, 1, 11.75%, 0, 0, 45, 155.55, 282490, 1, 188029, 1818, 187958
1641004919, 167, 975, 986, 11, 1, 11.75%, 0, 0, 45, 156.46, 283282, 1, 188040, 1819, 187958
1641004929, 167, 976, 986, 10, 1, 11.75%, 0, 0, 45, 155.61, 284858, 1, 188171, 1820, 187958
1641004939, 167, 977, 986, 9, 1, 11.75%, 0, 0, 45, 161.29, 286483, 1, 188311, 1821, 187958
1641004944, 167, 978, 986, 8, 1, 11.75%, 0, 0, 45, 160.07, 287287, 1, 188458, 1822, 187958
1641004954, 167, 979, 986, 7, 1, 11.75%, 0, 0, 45, 193.06, 289284, 1, 188611, 1823, 187958
1641004959, 167, 979, 988, 9, 1, 11.75%, 0, 0, 45, 193.48, 290277, 1, 188732, 1823, 188653
1641004965, 167, 980, 988, 8, 1, 11.75%, 0, 0, 45, 190.88, 291249, 1, 188770, 1824, 188653
1641004970, 167, 981, 988, 7, 1, 11.75%, 0, 0, 45, 191.67, 292231, 1, 188918, 1825, 188653
1641004980, 167, 982, 988, 6, 1, 11.75%, 0, 0, 45, 190.20, 294208, 1, 189072, 1826, 188653
1641004990, 167, 983, 990, 7, 1, 11.75%, 0, 0, 45, 182.69, 296070, 1, 189231, 1827, 189091
1641005000, 167, 984, 992, 8, 1, 11.75%, 0, 0, 45, 179.69, 297924, 1, 189377, 1828, 189266
1641005011, 167, 985, 995, 10, 1, 11.75%, 0, 0, 45, 168.50, 299717, 1, 189512, 1829, 189432
1641005021, 167, 986, 996, 10, 1, 11.75%, 0, 0, 45, 181.12, 301497, 1, 189641, 1830, 189573
1641005026, 167, 987, 996, 9, 1, 11.75%, 0, 0, 45, 190.11, 302486, 1, 189766, 1831, 189573
1641005037, 167, 988, 996, 8, 1, 11.75%, 0, 0, 45, 188.13, 304450, 1, 189899, 1832, 189573
1641005042, 167, 989, 997, 8, 1, 11.75%, 0, 0, 45, 182.63, 305364, 1, 190040, 1833, 189955
1641005052, 167, 990, 997, 7, 1, 11.75%, 0, 0, 45, 178.96, 307158, 1, 190174, 1834, 189955
1641005057, 167, 991, 998, 7, 1, 11.75%, 0, 0, 45, 177.80, 308079, 1, 190315, 1835, 190207
1641005067, 167, 992, 998, 6, 0, 11.75%, 0, 0, 45, 173.93, 309868, 1, 190447, 1836, 190207
1641005072, 167, 992, 1002, 10, 0, 11.75%, 0, 0, 45, 171.83, 310767, 1, 190580, 1836, 190480
1641005077, 167, 993, 1002, 9, 0, 11.75%, 0, 0, 45, 171.21, 311630, 1, 190587, 1837, 190480
1641005082, 167, 994, 1002, 8, 0, 11.75%, 0, 0, 45, 167.88, 312473, 1, 190717, 1838, 190480
1641005093, 167, 995, 1006, 11, 0, 11.75%, 0, 0, 45, 163.20, 314158, 1, 190854, 1839, 190803
1641005103, 167, 996, 1006, 10, 0, 11.75%, 0, 0, 45, 168.68, 315843, 1, 190988, 1840, 190803
1641005113, 167, 997, 1006, 9, 0, 11.75%, 0, 0, 45, 176.44, 317671, 1, 191130, 1841, 190803
1641005118, 167, 998, 1006, 8, 0, 11.75%, 0, 0, 45, 171.25, 318532, 1, 191278, 1842, 190803
1641005128, 167, 999, 1007, 8, 0, 11.75%, 0, 0, 45, 167.42, 320226, 1, 191431, 1843, 191292
1641005133, 167, 1000, 1007, 7, 0, 11.75%, 0, 0, 45, 166.78, 321074, 1, 191572, 1844, 191292
1641005143, 167, 1001, 1007, 6, 0, 11.75%, 0, 0, 45, 167.36, 322767, 1, 191719, 1845, 191292
1641005154, 167, 1002, 1008, 6, 0, 11.75%, 0, 0, 45, 162.08, 324456, 1, 191872, 1846, 191787
1641005164, 167, 1003, 1009, 6, 0, 11.75%, 0, 0, 45, 163.26, 326131, 1, 192018, 1847, 191883
1641005179, 167, 1004, 1009, 5, 0, 11.75%, 0, 0, 45, 164.42, 328615, 1, 192152, 1848, 191883
1641005189, 167, 1005, 1009, 4, 0, 11.75%, 0, 0, 45, 164.53, 330273, 1, 192293, 1849, 191883
1641005200, 167, 1006, 1009, 3, 0, 11.75%, 0, 0, 45, 167.61, 331974, 1, 192440, 1850, 191883
1641005210, 167, 1007, 1009, 2, 0, 11.75%, 0, 0, 45, 164.32, 333672, 1, 192593, 1851, 191883
1641005220, 167, 1008, 1009, 1, 0, 11.75%, 0, 0, 45, 164.29, 335363, 1, 192751, 1852, 191883
1641005230, 168, 989, 1009, 0, 0, 11.75%, 0, 0, 45, 241.62, 337554, 2, 194023, 1858, 191883
1641005235, 169, 1009, 1011, 1, 0, 11.75%, 0, 0, 45, 268.37, 338942, 2, 195338, 1863, 195023
1641005240, 169, 1011, 1012, 1, 0, 11.75%, 0, 0, 45, 211.61, 339934, 1, 195502, 1865, 195389
1641005245, 169, 1012, 1013, 1, 0, 11.75%, 0, 0, 45, 190.93, 340880, 1, 195656, 1866, 195561
1641005250, 170, 1012, 1013, 0, 0, 11.75%, 0, 0, 45, 190.09, 341822, 2, 195914, 1867, 195561
1641005256, 171, 942, 1013, 0, 0, 11.75%, 0, 0, 45, 237.68, 343093, 2, 197185, 1873, 195561
1641005261, 171, 926, 1013, 0, 0, 11.75%, 0, 0, 45, 296.39, 344681, 2, 198773, 1881, 195561
1641005266, 171, 903, 1013, 0, 0, 11.75%, 0, 0, 45, 295.78, 346195, 2, 200287, 1887, 195561
1641005271, 171, 1013, 1014, 1, 0, 11.75%, 0, 0, 45, 246.00, 347428, 1, 201245, 1893, 201135
1641005276, 172, 976, 1014, 0, 0, 11.75%, 0, 0, 45, 202.95, 348482, 2, 202299, 1897, 201135
1641005281, 172, 931, 1014, 0, 0, 11.75%, 0, 0, 45, 247.77, 349729, 2, 203546, 1902, 201135
1641005286, 172, 887, 1014, 0, 0, 11.75%, 0, 0, 45, 268.09, 351043, 2, 204860, 1907, 201135
1641005291, 173, 913, 1014, 0, 0, 11.75%, 0, 0, 45, 250.31, 352248, 2, 206065, 1912, 201135
1641005296, 173, 955, 1014, 0, 0, 11.75%, 0, 0, 45, 209.03, 353358, 2, 207175, 1917, 201135
1641005301, 173, 1007, 1014, 0, 0, 11.75%, 0, 0, 45, 194.79, 354349, 2, 208166, 1921, 201135
1641005306, 173, 981, 1014, 0, 0, 11.75%, 0, 0, 45, 203.69, 355405, 2, 209222, 1926, 201135
1641005312, 173, 900, 1014, 0, 0, 11.75%, 0, 0, 45, 193.21, 356376, 2, 210193, 1930, 201135
1641005317, 173, 986, 1014, 0, 0, 11.75%, 0, 0, 45, 196.57, 357408, 2, 211225, 1936, 201135
1641005322, 173, 948, 1014, 0, 0, 11.75%, 0, 0, 45, 193.25, 358423, 2, 212240, 1942, 201135
1641005327, 173, 1004, 1014, 0, 0, 11.75%, 0, 0, 45, 190.32, 359411, 2, 213228, 1947, 201135
1641005332, 173, 972, 1014, 0, 0, 11.75%, 0, 0, 45, 192.42, 360353, 2, 214170, 1951, 201135
1641005337, 173, 973, 1014, 0, 0, 11.75%, 0, 0, 45, 191.39, 361311, 2, 215128, 1956, 201135
1641005342, 173, 995, 1014, 0, 0, 11.75%, 0, 0, 45, 162.67, 362103, 2, 215920, 1959, 201135
1641005347, 173, 1006, 1014, 0, 0, 11.75%, 0, 0, 45, 175.80, 363061, 2, 216878, 1963, 201135
1641005352, 173, 1000, 1014, 0, 0, 11.75%, 0, 0, 45, 166.68, 363891, 2, 217708, 1968, 201135
1641005358, 173, 977, 1014, 0, 0, 11.75%, 0, 0, 45, 176.51, 364827, 2, 218644, 1972, 201135
1641005363, 173, 1008, 1014, 0, 0, 11.75%, 0, 0, 45, 182.25, 365766, 2, 219583, 1975, 201135
1641005368, 173, 975, 1014, 0, 0, 11.75%, 0, 0, 45, 171.84, 366620, 2, 220437, 1979, 201135
1641005373, 173, 958, 1014, 0, 0, 11.75%, 0, 0, 45, 174.08, 367525, 2, 221342, 1985, 201135
1641005378, 173, 1017, 1019, 2, 0, 11.75%, 0, 0, 45, 296.92, 369044, 1, 222584, 1993, 222400
1641005383, 173, 1020, 1030, 10, 0, 11.75%, 0, 0, 45, 331.26, 370780, 1, 223175, 1996, 223139
1641005388, 173, 1021, 1030, 9, 0, 11.75%, 0, 0, 45, 337.36, 372509, 1, 223363, 1997, 223139
1641005393, 173, 1024, 1038, 14, 0, 11.75%, 0, 0, 45, 19.93, 374090, 1, 223919, 2000, 223756
1641005398, 173, 1025, 1038, 13, 0, 11.75%, 0, 0, 45, 314.32, 375773, 1, 224086, 2001, 223756
1641005403, 173, 1026, 1039, 13, 0, 11.75%, 0, 0, 45, 323.58, 377424, 1, 224260, 2002, 224246
1641005409, 173, 1027, 1039, 12, 0, 11.75%, 0, 0, 45, 329.96, 379097, 1, 224436, 2003, 224246
1641005414, 173, 1029, 1040, 11, 0, 11.75%, 0, 0, 45, 331.34, 380767, 1, 224805, 2005, 224638
1641005419, 173, 1030, 1040, 10, 0, 11.75%, 0, 0, 45, 331.43, 382429, 1, 224977, 2006, 224638
1641005424, 173, 1032, 1040, 8, 0, 11.75%, 0, 0, 45, 326.20, 384108, 1, 225338, 2008, 224638
1641005429, 173, 1033, 1040, 7, 0, 11.75%, 0, 0, 45, 292.53, 385473, 1, 225526, 2009, 224638
1641005434, 173, 1035, 1049, 14, 0, 11.75%, 0, 0, 45, 288.61, 386941, 1, 225912, 2011, 225714
1641005439, 173, 1035, 1051, 16, 0, 11.75%, 0, 0, 45, 284.53, 388365, 1, 225958, 2011, 225922
1641005444, 173, 1036, 1055, 19, 0, 11.75%, 0, 0, 45, 285.10, 389844, 1, 226109, 2012, 226092
1641005449, 173, 1038, 1056, 18, 0, 11.75%, 0, 0, 45, 295.02, 391346, 1, 226486, 2014, 226142
1641005454, 173, 1040, 1058, 18, 0, 11.75%, 0, 0, 45, 295.01, 392797, 1, 226863, 2016, 226681
1641005459, 173, 1041, 1059, 18, 0, 11.75%, 0, 0, 45, 296.66, 394362, 1, 227037, 2017, 226939
1641005470, 173, 1042, 1059, 17, 0, 11.75%, 0, 0, 45, 294.47, 397328, 1, 227203, 2018, 226939
1641005475, 173, 1043, 1059, 16, 0, 11.75%, 0, 0, 45, 292.50, 398854, 1, 227376, 2019, 226939
1641005480, 173, 1044, 1059, 15, 0, 11.75%, 0, 0, 45, 280.79, 400289, 1, 227554, 2020, 226939
1641005485, 173, 1045, 1059, 14, 0, 11.75%, 0, 0, 45, 291.64, 401793, 1, 227738, 2021, 226939
1641005490, 173, 1046, 1059, 13, 0, 11.75%, 0, 0, 45, 297.87, 403336, 1, 227927, 2022, 226939
1641005495, 173, 1046, 1061, 15, 0, 11.75%, 0, 0, 45, 311.14, 404911, 1, 228112, 2022, 228012
1641005500, 173, 1047, 1061, 14, 0, 11.75%, 0, 0, 45, 304.33, 406446, 1, 228120, 2023, 228113
1641005505, 173, 1048, 1062, 14, 0, 11.75%, 0, 0, 45, 297.25, 407958, 1, 228314, 2024, 228226
1641005511, 173, 1049, 1062, 13, 0, 11.75%, 0, 0, 45, 289.36, 409445, 1, 228501, 2025, 228226
1641005516, 173, 1050, 1062, 12, 0, 11.75%, 0, 0, 45, 280.84, 410902, 1, 228693, 2026, 228226
1641005521, 173, 1051, 1063, 12, 1, 11.75%, 0, 0, 45, 284.99, 412389, 1, 228889, 2027, 228868
1641005526, 173, 1052, 1063, 11, 1, 11.75%, 0, 0, 45, 293.51, 413917, 1, 229084, 2028, 228868
1641005536, 173, 1053, 1063, 10, 1, 11.75%, 0, 0, 45, 293.45, 416976, 1, 229283, 2029, 228868
1641005541, 173, 1054, 1063, 9, 1, 11.75%, 0, 0, 45, 298.40, 418531, 1, 229485, 2030, 228868
1641005547, 173, 1055, 1063, 8, 1, 11.75%, 0, 0, 45, 293.78, 420054, 1, 229691, 2031, 228868
1641005552, 173, 1057, 1064, 7, 2, 11.80%, 0, 0, 45, 308.56, 421623, 1, 230091, 2033, 229706
1641005557, 173, 1058, 1064, 6, 2, 11.80%, 0, 0, 45, 294.29, 423127, 1, 230287, 2034, 229706
1641005562, 173, 1059, 1065, 6, 2, 11.80%, 0, 0, 45, 303.45, 424628, 1, 230486, 2035, 230478
1641005567, 173, 1060, 1065, 5, 2, 11.80%, 0, 0, 45, 316.53, 426285, 1, 230686, 2036, 230478
1641005572, 173, 1061, 1065, 4, 2, 11.80%, 0, 0, 45, 310.56, 427862, 1, 230889, 2037, 230478
1641005577, 173, 1062, 1065, 3, 2, 11.80%, 0, 0, 45, 295.82, 429361, 1, 231096, 2038, 230478
1641005582, 173, 1063, 1068, 5, 1, 11.80%, 0, 0, 45, 273.16, 430779, 1, 231306, 2039, 231110
1641005588, 173, 1064, 1068, 4, 0, 11.80%, 0, 0, 45, 249.92, 432044, 1, 231497, 2040, 231110
1641005598, 173, 1065, 1069, 4, 0, 11.80%, 0, 0, 45, 294.04, 435171, 1, 231692, 2041, 231500
1641005603, 173, 1066, 1069, 3, 0, 11.80%, 0, 0, 45, 291.78, 436664, 1, 231870, 2042, 231500
1641005608, 173, 1067, 1069, 2, 0, 11.80%, 0, 0, 45, 292.13, 438155, 1, 232054, 2043, 231500
1641005613, 173, 1068, 1069, 1, 0, 11.80%, 0, 0, 45, 283.96, 439596, 1, 232243, 2044, 231500
1641005618, 174, 1070, 1072, 2, 1, 11.81%, 0, 0, 45, 351.83, 441301, 1, 233539, 2050, 233365
1641005623, 174, 1072, 1076, 4, 1, 11.81%, 0, 0, 45, 449.92, 443736, 1, 233888, 2052, 233679
1641005628, 174, 1074, 1080, 6, 0, 11.81%, 0, 0, 45, 469.55, 446192, 1, 234247, 2054, 234191
1641005634, 174, 1075, 1084, 9, 0, 11.81%, 0, 0, 45, 460.74, 448545, 1, 234496, 2055, 234409
1641005639, 174, 1077, 1085, 8, 0, 11.81%, 0, 0, 45, 462.05, 450918, 1, 234782, 2057, 234636
1641005644, 174, 1079, 1087, 8, 0, 11.81%, 0, 0, 45, 474.34, 453369, 1, 235169, 2059, 234853
1641005649, 174, 1081, 1088, 7, 0, 11.81%, 0, 0, 45, 474.05, 455850, 1, 235458, 2061, 235285
1641005654, 174, 1082, 1092, 10, 1, 11.81%, 0, 0, 45, 451.38, 458099, 1, 235617, 2062, 235610
1641005659, 174, 1084, 1092, 8, 1, 11.81%, 0, 0, 45, 453.35, 460367, 1, 235950, 2064, 235610
1641005664, 174, 1085, 1094, 9, 1, 11.81%, 0, 0, 45, 464.23, 462722, 1, 236126, 2065, 236114
1641005669, 174, 1086, 1094, 8, 1, 11.81%, 0, 0, 45, 461.87, 465060, 1, 236304, 2066, 236114
1641005674, 174, 1087, 1094, 7, 1, 11.81%, 0, 0, 45, 446.13, 467295, 1, 236488, 2067, 236114
1641005679, 174, 1088, 1094, 6, 1, 11.81%, 0, 0, 45, 420.07, 469399, 1, 236677, 2068, 236114
1641005684, 174, 1089, 1095, 6, 1, 11.81%, 0, 0, 45, 451.80, 471766, 1, 236988, 2069, 236775
1641005689, 174, 1091, 1095, 4, 1, 11.81%, 0, 0, 45, 438.66, 474021, 1, 237245, 2071, 236775
1641005695, 174, 1093, 1097, 4, 0, 11.81%, 0, 0, 45, 453.97, 476317, 1, 237632, 2073, 237413
1641005700, 174, 1094, 1098, 4, 0, 11.81%, 0, 0, 45, 402.88, 478428, 1, 237859, 2074, 237413
1641005705, 174, 1095, 1100, 5, 0, 11.81%, 0, 0, 45, 369.53, 480256, 1, 238045, 2075, 237896
1641005710, 174, 1097, 1101, 4, 0, 11.81%, 0, 0, 45, 373.99, 482201, 1, 238398, 2077, 238088
1641005715, 174, 1098, 1102, 4, 0, 11.81%, 0, 0, 45, 363.94, 484029, 1, 238582, 2078, 238563
1641005720, 174, 1099, 1102, 3, 0, 11.81%, 0, 0, 45, 368.19, 485944, 1, 238766, 2079, 238563
1641005725, 174, 1101, 1102, 1, 0, 11.81%, 0, 0, 45, 403.61, 488097, 1, 239149, 2081, 238563
1641005731, 175, 1092, 1102, 0, 0, 11.81%, 0, 0, 45, 419.19, 490226, 2, 240641, 2086, 238563
1641005736, 175, 1102, 1103, 1, 0, 11.81%, 0, 0, 45, 432.77, 492362, 1, 242080, 2092, 242070
1641005741, 177, 1086, 1103, 0, 0, 11.81%, 0, 0, 45, 438.93, 494653, 2, 243990, 2098, 242070
1641005746, 177, 1075, 1103, 0, 0, 11.81%, 0, 0, 45, 427.17, 496803, 2, 246140, 2105, 242070
1641005751, 177, 1100, 1103, 0, 0, 11.81%, 0, 0, 45, 409.16, 498881, 2, 248218, 2110, 242070
1641005756, 179, 1104, 1106, 0, 0, 11.81%, 0, 0, 45, 377.69, 500721, 2, 249942, 2116, 248580
1641005761, 181, 1067, 1108, 0, 0, 11.81%, 0, 0, 45, 364.16, 502577, 2, 251719, 2124, 250967
1641005766, 181, 1095, 1109, 1, 0, 11.81%, 0, 0, 45, 308.74, 504048, 2, 253182, 2129, 253014
1641005771, 181, 1109, 1110, 1, 1, 11.82%, 0, 0, 45, 302.68, 505643, 1, 253388, 2131, 253191
1641005782, 181, 1109, 1116, 7, 1, 11.82%, 0, 0, 45, 146.70, 507113, 1, 253555, 2131, 253418
1641005787, 181, 1110, 1117, 7, 1, 11.82%, 0, 0, 45, 146.39, 507862, 1, 253577, 2132, 253562
1641005792, 181, 1110, 1118, 8, 1, 11.82%, 0, 0, 45, 142.59, 508598, 1, 253748, 2132, 253592
1641005797, 181, 1111, 1118, 7, 1, 11.82%, 0, 0, 45, 145.27, 509346, 1, 253767, 2133, 253592
1641005802, 181, 1111, 1119, 8, 1, 11.82%, 0, 0, 45, 141.16, 510062, 1, 253940, 2133, 253592
1641005807, 181, 1112, 1119, 7, 1, 11.82%, 0, 0, 45, 141.54, 510797, 1, 253942, 2134, 253941
1641005817, 181, 1113, 1119, 6, 1, 11.82%, 0, 0, 45, 142.05, 512124, 1, 254121, 2135, 253941
1641005828, 181, 1114, 1120, 6, 1, 11.82%, 0, 0, 45, 150.14, 513637, 1, 254306, 2136, 254231
1641005838, 181, 1115, 1120, 5, 1, 11.82%, 0, 0, 45, 143.07, 515023, 1, 254487, 2137, 254231
1641005848, 181, 1116, 1120, 4, 1, 11.82%, 0, 0, 45, 144.81, 516516, 1, 254674, 2138, 254231
1641005859, 181, 1117, 1121, 4, 1, 11.82%, 0, 0, 45, 148.62, 518030, 1, 254866, 2139, 254861
1641005869, 181, 1118, 1121, 3, 0, 11.82%, 0, 0, 45, 143.29, 519536, 1, 255060, 2140, 254861
1641005879, 181, 1119, 1121, 2, 0, 11.82%, 0, 0, 45, 143.54, 520897, 1, 255259, 2141, 254861
1641005889, 181, 1120, 1121, 1, 0, 11.82%, 0, 0, 45, 144.93, 522390, 1, 255462, 2142, 254861
1641005900, 181, 1121, 1122, 1, 0, 11.82%, 0, 0, 45, 147.57, 523783, 1, 255670, 2143, 255662
1641005910, 182, 1112, 1122, 0, 0, 11.82%, 0, 0, 45, 132.09, 525073, 2, 256206, 2144, 255662
1641005915, 182, 1116, 1122, 0, 0, 11.82%, 0, 0, 45, 134.55, 525771, 2, 256904, 2147, 255662
1641005920, 182, 1115, 1122, 0, 0, 11.82%, 0, 0, 45, 131.50, 526439, 2, 257572, 2150, 255662
1641005926, 182, 1111, 1122, 0, 0, 11.82%, 0, 0, 45, 136.00, 527154, 2, 258287, 2152, 255662
1641005931, 182, 1108, 1122, 0, 0, 11.82%, 0, 0, 45, 160.46, 527933, 2, 259066, 2155, 255662
1641005936, 182, 1043, 1122, 0, 0, 11.82%, 0, 0, 45, 216.02, 529013, 2, 260146, 2159, 255662
1641005941, 182, 1121, 1122, 0, 0, 11.82%, 0, 0, 45, 210.91, 530201, 2, 261334, 2162, 255662
1641005946, 183, 1061, 1122, 0, 0, 11.82%, 0, 0, 45, 245.30, 531417, 2, 262549, 2166, 255662
1641005951, 183, 1053, 1122, 0, 0, 11.82%, 0, 0, 45, 266.87, 532860, 2, 263991, 2169, 255662
1641005956, 183, 1048, 1122, 0, 0, 11.82%, 0, 0, 45, 275.68, 534287, 2, 265418, 2174, 255662
1641005961, 183, 1020, 1122, 0, 0, 11.82%, 0, 0, 45, 293.11, 535759, 2, 266890, 2177, 255662
1641005966, 183, 1122, 1123, 1, 0, 11.82%, 0, 0, 45, 304.99, 537368, 1, 268388, 2183, 268322
1641005976, 185, 1046, 1123, 0, 0, 11.82%, 0, 0, 45, 285.72, 540310, 2, 269667, 2186, 268322
1641005981, 185, 1068, 1123, 0, 0, 11.82%, 0, 0, 45, 302.30, 541872, 2, 271229, 2191, 268322
1641005987, 185, 1026, 1123, 0, 0, 11.82%, 0, 0, 45, 59.80, 543376, 2, 272733, 2195, 268322
1641005992, 185, 1123, 1124, 1, 0, 11.82%, 0, 0, 45, 270.61, 544949, 1, 273787, 2200, 273783
1641005997, 187, 1021, 1125, 0, 0, 11.82%, 0, 0, 45, 403.63, 547226, 2, 275173, 2204, 273797
1641006002, 187, 1125, 1126, 1, 0, 11.82%, 0, 0, 45, 293.02, 548590, 1, 276223, 2208, 276009
1641006012, 189, 1126, 1128, 2, 0, 11.82%, 0, 0, 45, 306.43, 551535, 1, 277714, 2212, 277435
1641006017, 189, 1128, 1131, 3, 0, 11.82%, 0, 0, 45, 306.70, 553159, 1, 278167, 2214, 278055
1641006022, 189, 1131, 1133, 2, 0, 11.82%, 0, 0, 45, 321.01, 554777, 1, 278771, 2217, 278395
1641006028, 190, 1131, 1134, 1, 0, 11.82%, 0, 0, 45, 297.46, 556223, 2, 279237, 2219, 279197
1641006033, 190, 1134, 1135, 1, 0, 11.82%, 0, 0, 45, 313.96, 557808, 1, 279683, 2221, 279513
1641006038, 192, 1135, 1136, 1, 0, 11.82%, 0, 0, 45, 323.05, 559434, 1, 280967, 2227, 280956
1641006043, 194, 1056, 1136, 0, 0, 11.82%, 0, 0, 45, 314.98, 561013, 2, 282401, 2232, 280956
1641006048, 195, 1136, 1138, 1, 0, 11.82%, 0, 0, 45, 339.52, 562723, 2, 283798, 2239, 283617
1641006053, 196, 1139, 1145, 6, 1, 11.85%, 0, 0, 45, 366.43, 564686, 1, 285059, 2243, 284873
1641006058, 196, 1141, 1149, 8, 2, 11.90%, 0, 0, 45, 256.14, 566082, 1, 285367, 2245, 285352
1641006063, 196, 1144, 1154, 10, 2, 12.00%, 0, 0, 45, 371.83, 568174, 1, 286140, 2248, 285960
1641006068, 196, 1146, 1155, 9, 2, 12.00%, 0, 0, 45, 319.13, 569695, 1, 286456, 2250, 286262
1641006075, 196, 1147, 1157, 10, 2, 12.00%, 0, 0, 45, 9.66, 570824, 1, 286654, 2251, 286647
1641006080, 196, 1149, 1161, 12, 3, 12.01%, 0, 0, 45, 317.88, 572470, 1, 287039, 2253, 286987
1641006085, 196, 1152, 1183, 31, 6, 12.02%, 0, 0, 45, 357.21, 574361, 1, 287606, 2256, 287564
1641006090, 196, 1155, 1184, 29, 6, 12.02%, 0, 0, 45, 386.74, 576324, 1, 288184, 2259, 287738
1641006095, 196, 1157, 1185, 28, 6, 12.02%, 0, 0, 45, 356.62, 577840, 1, 288579, 2261, 288261
1641006100, 196, 1160, 1185, 25, 5, 12.02%, 0, 0, 45, 364.10, 579627, 1, 289194, 2264, 288261
1641006105, 196, 1164, 1193, 29, 5, 12.02%, 0, 0, 45, 368.78, 581430, 1, 290220, 2268, 290099
1641006110, 196, 1170, 1199, 29, 2, 12.02%, 0, 0, 45, 422.02, 583649, 1, 291259, 2274, 291096
1641006116, 196, 1175, 1208, 33, 4, 12.02%, 0, 0, 45, 384.94, 585561, 1, 292118, 2279, 291918
1641006121, 196, 1180, 1213, 33, 4, 12.03%, 0, 0, 45, 396.95, 587727, 1, 293027, 2284, 292844
1641006126, 196, 1181, 1213, 32, 4, 12.03%, 0, 0, 45, 337.49, 589324, 1, 293282, 2285, 292844
1641006131, 196, 1183, 1218, 35, 4, 12.03%, 0, 0, 45, 308.79, 590742, 1, 293576, 2287, 293563
1641006136, 196, 1186, 1221, 35, 4, 12.03%, 0, 0, 45, 446.14, 592721, 1, 294138, 2290, 293784
1641006141, 196, 1190, 1226, 36, 3, 12.03%, 0, 0, 45, 372.21, 594734, 1, 295010, 2294, 294599
1641006146, 196, 1191, 1227, 36, 3, 12.03%, 0, 0, 45, 311.89, 596219, 1, 295082, 2295, 295047
1641006151, 196, 1196, 1228, 32, 4, 12.04%, 0, 0, 45, 354.92, 598086, 1, 296097, 2300, 295925
1641006157, 196, 1198, 1233, 35, 4, 12.04%, 0, 0, 45, 356.39, 599780, 1, 296562, 2302, 296473
1641006162, 196, 1202, 1235, 33, 4, 12.04%, 0, 0, 45, 356.24, 601538, 1, 297256, 2306, 296979
1641006167, 196, 1206, 1235, 29, 3, 12.04%, 0, 0, 45, 353.77, 603268, 1, 298043, 2310, 296979
1641006172, 196, 1210, 1240, 30, 4, 12.26%, 0, 0, 45, 391.51, 605358, 1, 298875, 2314, 298840
1641006177, 196, 1210, 1243, 33, 4, 12.27%, 0, 0, 45, 279.76, 606636, 1, 299001, 2314, 298978
1641006182, 196, 1213, 1245, 32, 4, 12.27%, 0, 0, 45, 328.06, 608472, 1, 299482, 2317, 299160
1641006187, 196, 1215, 1250, 35, 4, 12.27%, 0, 0, 45, 321.72, 610070, 1, 299880, 2319, 299843
1641006192, 196, 1218, 1250, 32, 4, 12.27%, 0, 0, 45, 406.30, 612144, 1, 300483, 2322, 299843
1641006198, 196, 1220, 1251, 31, 4, 12.41%, 0, 0, 45, 310.79, 613973, 1, 300887, 2324, 300488
1641006203, 196, 1221, 1251, 30, 4, 12.41%, 0, 0, 45, 302.70, 615506, 1, 301087, 2325, 300488
1641006208, 196, 1223, 1251, 28, 4, 12.41%, 0, 0, 45, 424.25, 617702, 1, 301501, 2327, 300488
1641006213, 196, 1226, 1251, 25, 4, 12.41%, 0, 0, 45, 429.57, 619898, 1, 302276, 2330, 300488
1641006218, 196, 1229, 1251, 22, 3, 12.41%, 0, 0, 45, 316.46, 621395, 1, 302840, 2333, 300488
1641006223, 196, 1230, 1251, 21, 3, 12.41%, 0, 0, 45, 289.28, 622884, 1, 303105, 2334, 300488
1641006228, 196, 1233, 1252, 19, 3, 12.41%, 0, 0, 45, 341.10, 624782, 1, 303771, 2337, 303322
1641006233, 196, 1236, 1253, 17, 3, 12.41%, 0, 0, 45, 223.49, 626246, 1, 304466, 2340, 304454
1641006238, 196, 1238, 1257, 19, 2, 12.41%, 0, 0, 45, 34.97, 628069, 1, 305026, 2342, 304895
1641006243, 196, 1240, 1258, 18, 2, 12.41%, 0, 0, 45, 319.10, 629819, 1, 305368, 2344, 305155
1641006254, 196, 1241, 1260, 19, 2, 12.41%, 0, 0, 45, 248.82, 632310, 1, 305571, 2345, 305526
1641006259, 196, 1242, 1262, 20, 2, 12.41%, 0, 0, 45, 249.64, 633583, 1, 305773, 2346, 305772
1641006269, 196, 1243, 1262, 19, 1, 12.41%, 0, 0, 45, 256.24, 636072, 1, 305978, 2347, 305772
1641006274, 196, 1245, 1262, 17, 1, 12.41%, 0, 0, 45, 295.63, 637595, 1, 306401, 2349, 305772
1641006279, 196, 1247, 1262, 15, 1, 12.41%, 0, 0, 45, 300.16, 639125, 1, 306841, 2351, 305772
1641006284, 196, 1249, 1262, 13, 1, 12.41%, 0, 0, 45, 312.23, 640690, 1, 307296, 2353, 305772
1641006289, 196, 1250, 1262, 12, 1, 12.41%, 0, 0, 45, 336.72, 642287, 1, 307528, 2354, 305772
1641006294, 196, 1251, 1266, 15, 0, 12.41%, 0, 0, 45, 318.83, 643947, 1, 307908, 2355, 307803
1641006299, 196, 1255, 1266, 11, 0, 12.41%, 0, 0, 45, 331.28, 645717, 1, 308659, 2359, 307803
1641006305, 196, 1257, 1267, 10, 0, 12.41%, 0, 0, 45, 266.68, 646961, 1, 309108, 2361, 308785
1641006310, 196, 1258, 1267, 9, 0, 12.41%, 0, 0, 45, 270.43, 648280, 1, 309333, 2362, 308785
1641006320, 196, 1259, 1267, 8, 0, 12.41%, 0, 0, 45, 132.04, 650084, 1, 309561, 2363, 308785
1641006335, 196, 1259, 1271, 12, 0, 12.41%, 0, 0, 45, 112.77, 651600, 1, 309778, 2363, 309705
1641006340, 196, 1260, 1271, 11, 0, 12.41%, 0, 0, 45, 211.19, 652716, 1, 309793, 2364, 309705
1641006345, 196, 1261, 1271, 10, 0, 12.41%, 0, 0, 45, 247.24, 654007, 1, 310017, 2365, 309705
1641006351, 196, 1262, 1272, 10, 0, 12.41%, 0, 0, 45, 317.71, 655579, 1, 310246, 2366, 310020
1641006356, 196, 1263, 1274, 11, 0, 12.41%, 0, 0, 45, 321.74, 657297, 1, 310614, 2367, 310563
1641006361, 196, 1265, 1275, 10, 0, 12.41%, 0, 0, 45, 334.69, 659125, 1, 311067, 2369, 310896
1641006366, 196, 1267, 1275, 8, 0, 12.41%, 0, 0, 45, 233.32, 660231, 1, 311291, 2371, 310896
1641006371, 196, 1268, 1275, 7, 0, 12.41%, 0, 0, 45, 147.16, 660963, 1, 311494, 2372, 310896
1641006391, 196, 1269, 1275, 6, 0, 12.41%, 0, 0, 45, 97.62, 662867, 1, 311702, 2373, 310896
1641006412, 196, 1270, 1275, 5, 0, 12.41%, 0, 0, 45, 102.93, 664625, 1, 311915, 2374, 310896
1641006427, 196, 1272, 1275, 3, 0, 12.41%, 0, 0, 45, 286.12, 667001, 1, 312354, 2376, 310896
1641006432, 196, 1274, 1277, 3, 0, 12.41%, 0, 0, 45, 337.16, 668681, 1, 312790, 2378, 312407
1641006437, 196, 1276, 1277, 1, 0, 12.41%, 0, 0, 45, 295.28, 670080, 1, 313228, 2380, 312407
1641006442, 196, 1277, 1279, 2, 0, 12.41%, 0, 0, 45, 439.43, 671304, 1, 313452, 2381, 313405
1641006447, 196, 1279, 1281, 2, 0, 12.41%, 0, 0, 45, 374.05, 673010, 1, 313900, 2383, 313886
1641006453, 196, 1281, 1282, 1, 0, 12.41%, 0, 0, 45, 325.99, 674665, 1, 314518, 2385, 314319
1641006458, 197, 1252, 1283, 1, 0, 12.41%, 0, 0, 45, 372.18, 676576, 2, 316421, 2391, 316373
1641006463, 198, 1268, 1287, 1, 0, 12.41%, 0, 0, 45, 274.36, 677977, 2, 317641, 2396, 317147
1641006468, 198, 1286, 1287, 1, 0, 12.41%, 0, 0, 45, 38.51, 678502, 1, 317814, 2397, 317642
1641006483, 198, 1286, 1289, 3, 0, 12.41%, 0, 0, 45, 93.46, 679913, 1, 317852, 2397, 317843
1641006488, 198, 1287, 1289, 2, 0, 12.41%, 0, 0, 45, 102.15, 680468, 1, 318046, 2398, 317843
1641006509, 198, 1288, 1289, 1, 0, 12.41%, 0, 0, 45, 99.88, 682449, 1, 318262, 2399, 317843
1641006524, 199, 1287, 1289, 0, 0, 12.41%, 0, 0, 45, 125.59, 683950, 2, 318886, 2401, 317843
1641006529, 199, 1198, 1289, 0, 0, 12.41%, 0, 0, 45, 205.53, 684947, 2, 319883, 2404, 317843
1641006534, 199, 1291, 1295, 4, 1, 12.46%, 0, 0, 45, 336.38, 686766, 1, 321449, 2409, 321414
1641006540, 200, 1253, 1296, 1, 0, 12.46%, 0, 0, 45, 365.54, 688678, 2, 323141, 2415, 323098
1641006545, 202, 1244, 1297, 0, 0, 12.46%, 0, 0, 45, 360.56, 690554, 2, 324883, 2420, 323433
1641006550, 202, 1189, 1297, 0, 0, 12.46%, 0, 0, 45, 367.05, 692341, 2, 326670, 2427, 323433
1641006555, 203, 1298, 1299, 1, 0, 12.46%, 0, 0, 45, 378.18, 694230, 1, 328034, 2431, 328025
1641006560, 204, 1229, 1300, 1, 0, 12.46%, 0, 0, 45, 379.85, 696176, 2, 329839, 2437, 329511
1641006565, 205, 1301, 1302, 1, 0, 12.46%, 0, 0, 45, 335.79, 697927, 1, 330784, 2441, 330492
1641006570, 207, 1233, 1303, 1, 0, 12.46%, 0, 0, 45, 326.71, 699474, 2, 331814, 2443, 331581
1641006575, 208, 1289, 1303, 0, 0, 12.46%, 0, 0, 45, 372.25, 701457, 2, 333402, 2449, 331581
1641006580, 208, 1303, 1304, 1, 0, 12.46%, 0, 0, 45, 231.63, 702544, 1, 334168, 2452, 334039
1641006590, 209, 1270, 1304, 0, 0, 12.46%, 0, 0, 45, 244.05, 704717, 2, 335622, 2456, 334039
1641006595, 210, 1305, 1306, 1, 1, 12.49%, 0, 0, 45, 355.06, 706556, 1, 337025, 2460, 336718
1641006600, 211, 1196, 1306, 0, 0, 12.49%, 0, 0, 45, 354.75, 708390, 2, 338859, 2465, 336718
1641006606, 211, 1292, 1307, 1, 0, 12.49%, 0, 0, 45, 236.01, 709472, 2, 339933, 2468, 339844
1641006611, 212, 1266, 1308, 0, 0, 12.49%, 0, 0, 45, 365.75, 711509, 2, 341823, 2474, 340076
1641006616, 212, 1154, 1308, 0, 0, 12.49%, 0, 0, 45, 354.86, 713357, 2, 343671, 2479, 340076
1641006621, 212, 1312, 1315, 3, 1, 12.50%, 0, 0, 45, 389.49, 715396, 1, 345105, 2484, 344792
1641006626, 214, 1316, 1319, 1, 0, 12.50%, 0, 0, 45, 398.47, 717451, 2, 346936, 2491, 346660
1641006631, 217, 1313, 1320, 0, 0, 12.50%, 0, 0, 45, 402.36, 719487, 2, 348948, 2499, 347417
1641006637, 219, 1243, 1321, 0, 0, 12.50%, 0, 0, 45, 390.05, 721504, 2, 350894, 2505, 349797
1641006642, 220, 1167, 1322, 0, 0, 12.50%, 0, 0, 45, 391.28, 723454, 2, 352742, 2512, 351645
1641006647, 220, 1322, 1324, 2, 0, 12.50%, 0, 0, 45, 429.08, 725668, 1, 353659, 2515, 353268
1641006652, 220, 1323, 1326, 3, 0, 12.50%, 0, 0, 45, 421.42, 727796, 1, 353995, 2516, 353949
1641006657, 220, 1324, 1326, 2, 0, 12.50%, 0, 0, 45, 282.37, 729046, 1, 354134, 2517, 353949
1641006662, 220, 1325, 1326, 1, 0, 12.50%, 0, 0, 45, 244.44, 730211, 1, 354357, 2518, 353949
1641006667, 221, 1326, 1327, 1, 1, 12.50%, 0, 0, 45, 252.62, 731467, 1, 354974, 2520, 354748
1641006672, 222, 1156, 1327, 0, 0, 12.50%, 0, 0, 45, 290.62, 732956, 2, 355459, 2522, 354748
1641006677, 224, 1328, 1330, 1, 0, 12.50%, 0, 0, 45, 340.03, 734819, 2, 356949, 2527, 356853
1641006683, 225, 1204, 1330, 0, 0, 12.50%, 0, 0, 45, 335.55, 736615, 2, 358557, 2532, 356853
1641006688, 225, 1307, 1330, 0, 0, 12.50%, 0, 0, 45, 373.49, 738561, 2, 360503, 2536, 356853
1641006693, 225, 1331, 1332, 1, 1, 12.51%, 0, 0, 45, 391.15, 740550, 1, 362476, 2543, 362196
1641006698, 228, 1267, 1334, 1, 0, 12.51%, 0, 0, 45, 348.32, 742394, 2, 364304, 2548, 364171
1641006703, 228, 1333, 1334, 1, 0, 12.51%, 0, 0, 45, 228.30, 743392, 1, 364425, 2549, 364171
1641006708, 229, 1334, 1336, 1, 0, 12.51%, 0, 0, 45, 266.25, 744727, 2, 365326, 2551, 365112
1641006713, 231, 1327, 1336, 0, 0, 12.51%, 0, 0, 45, 289.74, 746145, 2, 366465, 2555, 365112
1641006718, 231, 1149, 1336, 0, 0, 12.51%, 0, 0, 45, 339.27, 747996, 2, 368316, 2561, 365112
1641006724, 231, 1323, 1336, 0, 0, 12.51%, 0, 0, 45, 222.22, 748954, 2, 369274, 2563, 365112
1641006729, 232, 1337, 1338, 1, 1, 12.51%, 0, 0, 45, 335.36, 750648, 1, 370758, 2569, 370613
1641006734, 234, 1153, 1338, 0, 0, 12.51%, 0, 0, 45, 365.61, 752510, 2, 372620, 2575, 370613
1641006739, 234, 1260, 1338, 0, 0, 12.51%, 0, 0, 45, 345.66, 754257, 2, 374367, 2581, 370613
1641006744, 234, 1259, 1338, 0, 0, 12.51%, 0, 0, 45, 60.61, 755969, 2, 376079, 2586, 370613
1641006749, 235, 1242, 1340, 0, 0, 12.52%, 0, 0, 45, 300.51, 757688, 2, 377674, 2591, 376768
1641006754, 235, 1217, 1340, 0, 0, 12.52%, 0, 0, 45, 356.09, 759534, 2, 379520, 2595, 376768
1641006759, 235, 1168, 1340, 0, 0, 12.52%, 0, 0, 45, 379.09, 761382, 2, 381367, 2602, 376768
1641006764, 235, 1311, 1341, 1, 0, 12.52%, 0, 0, 45, 397.41, 763423, 2, 383400, 2609, 383362
1641006769, 236, 1271, 1341, 0, 0, 12.52%, 0, 0, 45, 400.37, 765453, 2, 384405, 2611, 383362
1641006774, 236, 1336, 1341, 0, 0, 12.52%, 0, 0, 45, 399.08, 767412, 2, 386364, 2617, 383362
1641006779, 236, 1157, 1341, 0, 0, 12.52%, 0, 0, 45, 387.30, 769355, 2, 388307, 2623, 383362
1641006784, 236, 1221, 1341, 0, 0, 12.52%, 0, 0, 45, 356.57, 771160, 2, 390112, 2628, 383362
1641006789, 237, 1342, 1343, 1, 1, 12.57%, 0, 0, 45, 394.37, 773170, 1, 391540, 2632, 391370
1641006795, 238, 1345, 1347, 1, 0, 12.57%, 0, 0, 45, 416.23, 775136, 2, 393043, 2636, 393034
1641006800, 239, 1346, 1349, 0, 0, 12.57%, 0, 0, 45, 382.94, 777055, 2, 394377, 2640, 393737
1641006805, 240, 1342, 1349, 0, 0, 12.57%, 0, 0, 45, 362.25, 778818, 2, 396139, 2643, 393737
1641006810, 240, 1349, 1350, 1, 0, 12.57%, 0, 0, 45, 397.30, 780840, 1, 397718, 2647, 397630
1641006815, 241, 1350, 1353, 3, 1, 12.60%, 0, 0, 45, 372.45, 782713, 1, 398909, 2649, 398761
1641006820, 241, 1352, 1353, 1, 0, 12.60%, 0, 0, 45, 398.92, 784836, 1, 399183, 2651, 398761
1641006825, 242, 1353, 1354, 1, 1, 12.60%, 0, 0, 45, 410.15, 786884, 1, 399987, 2653, 399574
1641006830, 243, 1355, 1356, 1, 0, 12.60%, 0, 0, 45, 402.28, 788926, 1, 401273, 2657, 400884
1641006835, 244, 1356, 1361, 5, 1, 12.63%, 0, 0, 45, 394.99, 790948, 1, 401939, 2659, 401820
1641006840, 244, 1360, 1372, 12, 3, 12.63%, 0, 0, 45, 379.97, 792911, 1, 402773, 2663, 402746
1641006845, 244, 1362, 1375, 13, 3, 12.63%, 0, 0, 45, 361.43, 794601, 1, 403278, 2665, 403148
1641006850, 244, 1366, 1381, 15, 2, 12.63%, 0, 0, 45, 401.85, 796661, 1, 404242, 2669, 404102
1641006855, 244, 1369, 1383, 14, 3, 12.63%, 0, 0, 45, 367.27, 798530, 1, 404925, 2672, 404823
1641006860, 244, 1371, 1385, 14, 3, 12.63%, 0, 0, 45, 402.57, 800115, 1, 405381, 2674, 405123
1641006866, 244, 1375, 1387, 12, 3, 12.63%, 0, 0, 45, 421.81, 802244, 1, 406293, 2678, 405812
1641006871, 244, 1378, 1388, 10, 2, 12.63%, 0, 0, 45, 337.61, 804031, 1, 407205, 2681, 406929
1641006876, 244, 1383, 1393, 10, 2, 12.63%, 0, 0, 45, 383.79, 806029, 1, 408222, 2686, 407843
1641006881, 244, 1384, 1394, 10, 2, 12.63%, 0, 0, 45, 333.30, 807654, 1, 408538, 2687, 408296
1641006886, 244, 1388, 1395, 7, 1, 12.63%, 0, 0, 45, 381.61, 809580, 1, 409378, 2691, 409346
1641006891, 244, 1392, 1397, 5, 1, 12.63%, 0, 0, 45, 403.25, 811665, 1, 410368, 2695, 410004
1641006896, 244, 1393, 1398, 5, 2, 12.64%, 0, 0, 45, 15.23, 813132, 1, 410619, 2696, 410480
1641006901, 244, 1397, 1399, 2, 1, 12.64%, 0, 0, 45, 336.63, 815103, 1, 411615, 2700, 411279
1641006906, 244, 1402, 1403, 1, 1, 12.64%, 0, 0, 45, 405.22, 817210, 1, 413000, 2705, 412671
1641006911, 245, 1397, 1403, 0, 0, 12.64%, 0, 0, 45, 386.47, 819133, 2, 414923, 2711, 412671
1641006916, 246, 1403, 1405, 0, 0, 12.64%, 0, 0, 45, 378.86, 820999, 2, 416463, 2717, 416178
1641006921, 249, 1391, 1407, 0, 0, 12.64%, 0, 0, 45, 392.89, 822965, 2, 418323, 2722, 417145
1641006926, 250, 1399, 1408, 0, 0, 12.64%, 0, 0, 45, 384.29, 824870, 2, 419935, 2728, 418410
1641006931, 252, 1393, 1409, 0, 0, 12.64%, 0, 0, 45, 388.66, 826844, 2, 421785, 2733, 420129
1641006937, 252, 1379, 1409, 0, 0, 12.64%, 0, 0, 45, 368.17, 828573, 2, 423513, 2737, 420129
1641006942, 252, 1409, 1410, 1, 1, 12.65%, 0, 0, 45, 343.88, 830344, 1, 424861, 2741, 424724
1641006947, 252, 1410, 1412, 2, 1, 12.65%, 0, 0, 45, 308.25, 831882, 1, 425163, 2742, 425134
1641006952, 252, 1412, 1414, 2, 0, 12.65%, 0, 0, 45, 386.68, 833824, 1, 425747, 2744, 425729
1641006957, 253, 1415, 1417, 2, 0, 12.65%, 0, 0, 45, 395.34, 835812, 1, 427416, 2748, 427350
1641006962, 255, 1419, 1420, 0, 0, 12.65%, 0, 0, 45, 395.60, 837869, 2, 429269, 2754, 428616
1641006967, 256, 1420, 1421, 0, 0, 12.65%, 0, 0, 45, 397.41, 839855, 2, 431181, 2760, 429301
1641006972, 257, 1421, 1423, 2, 0, 12.65%, 0, 0, 45, 359.79, 841593, 1, 432620, 2763, 432603
1641006977, 258, 1424, 1425, 0, 0, 12.65%, 0, 0, 45, 384.15, 843598, 2, 433783, 2767, 433013
1641006982, 258, 1425, 1427, 2, 0, 12.65%, 0, 0, 45, 323.03, 845164, 1, 434293, 2768, 434019
1641006987, 260, 1384, 1427, 0, 0, 12.65%, 0, 0, 45, 343.93, 846867, 2, 435508, 2772, 434294
1641006992, 260, 1364, 1427, 0, 0, 12.65%, 0, 0, 45, 374.38, 848790, 2, 437431, 2777, 434294
1641006997, 260, 1423, 1427, 0, 0, 12.65%, 0, 0, 45, 380.11, 850744, 2, 439385, 2783, 434294
1641007003, 261, 1428, 1429, 1, 0, 12.65%, 0, 0, 45, 372.38, 852543, 1, 440689, 2786, 440659
1641007008, 263, 1429, 1430, 0, 0, 12.65%, 0, 0, 45, 384.61, 854498, 2, 442319, 2789, 441078
1641007013, 264, 1388, 1430, 0, 0, 12.65%, 0, 0, 45, 381.68, 856415, 2, 444236, 2796, 441078
1641007018, 264, 1376, 1430, 0, 0, 12.65%, 0, 0, 45, 381.70, 858360, 2, 446181, 2801, 441078
1641007023, 265, 1432, 1433, 1, 0, 12.65%, 0, 0, 45, 372.96, 860279, 1, 447812, 2807, 447610
1641007028, 266, 1432, 1434, 1, 0, 12.65%, 0, 0, 45, 323.90, 861799, 2, 448426, 2808, 448129
1641007033, 266, 1434, 1435, 1, 0, 12.65%, 0, 0, 45, 305.92, 863366, 1, 448929, 2810, 448444
1641007038, 266, 1435, 1437, 2, 1, 12.65%, 0, 0, 45, 311.78, 864716, 1, 449220, 2811, 449008
1641007044, 266, 1436, 1438, 2, 0, 12.65%, 0, 0, 45, 307.55, 866313, 1, 449755, 2812, 449522
1641007049, 267, 1435, 1438, 0, 0, 12.65%, 0, 0, 45, 324.57, 867939, 2, 450359, 2814, 449522
1641007054, 267, 1439, 1441, 2, 0, 12.65%, 0, 0, 45, 342.35, 869807, 1, 451827, 2818, 451734
1641007059, 268, 1440, 1443, 2, 0, 12.66%, 0, 0, 45, 363.97, 871569, 2, 452779, 2820, 452715
1641007064, 268, 1446, 1457, 11, 2, 12.68%, 0, 0, 45, 386.59, 873537, 1, 454250, 2826, 454190
1641007069, 268, 1451, 1466, 15, 1, 12.68%, 0, 0, 45, 389.52, 875527, 1, 455801, 2831, 455756
1641007074, 268, 1452, 1475, 23, 1, 12.68%, 0, 0, 45, 172.87, 877197, 1, 455929, 2832, 455919
1641007079, 268, 1457, 1484, 27, 0, 12.68%, 0, 0, 45, 330.76, 878939, 1, 457247, 2837, 456124
1641007084, 268, 1462, 1485, 23, 0, 12.68%, 0, 0, 45, 392.03, 880964, 1, 458682, 2842, 457728
1641007089, 268, 1466, 1487, 21, 0, 12.68%, 0, 0, 45, 368.32, 882908, 1, 459876, 2846, 459782
1641007100, 268, 1467, 1488, 21, 0, 12.68%, 0, 0, 45, 58.50, 885940, 1, 460289, 2847, 460199
1641007105, 268, 1468, 1489, 21, 0, 12.68%, 0, 0, 45, 409.59, 887592, 1, 460487, 2848, 460355
1641007115, 268, 1469, 1489, 20, 0, 12.68%, 0, 0, 45, 298.82, 889545, 1, 460894, 2849, 460355
1641007120, 268, 1470, 1489, 19, 0, 12.68%, 0, 0, 45, 362.01, 891186, 1, 461091, 2850, 460355
1641007125, 268, 1471, 1490, 19, 0, 12.68%, 0, 0, 45, 364.45, 892773, 1, 461352, 2851, 461148
1641007130, 268, 1472, 1490, 18, 0, 12.68%, 0, 0, 45, 364.84, 894455, 1, 461636, 2852, 461148
1641007135, 268, 1473, 1490, 17, 0, 12.68%, 0, 0, 45, 371.57, 896301, 1, 461954, 2853, 461148
1641007140, 268, 1474, 1490, 16, 0, 12.68%, 0, 0, 45, 334.55, 897675, 1, 462217, 2854, 461148
1641007145, 268, 1475, 1490, 15, 0, 12.68%, 0, 0, 45, 352.76, 899284, 1, 462512, 2855, 461148
1641007151, 268, 1476, 1490, 14, 0, 12.68%, 0, 0, 45, 300.85, 900642, 1, 462810, 2856, 461148
1641007156, 268, 1477, 1490, 13, 0, 12.68%, 0, 0, 45, 168.85, 901947, 1, 463111, 2857, 461148
1641007166, 268, 1478, 1490, 12, 0, 12.68%, 0, 0, 45, 355.00, 903993, 1, 463416, 2858, 461148
1641007171, 268, 1479, 1490, 11, 0, 12.68%, 0, 0, 45, 334.93, 905500, 1, 463723, 2859, 461148
1641007176, 268, 1480, 1490, 10, 0, 12.68%, 0, 0, 45, 300.79, 906891, 1, 464032, 2860, 461148
1641007181, 268, 1480, 1491, 11, 0, 12.68%, 0, 0, 45, 56.02, 907818, 1, 464270, 2860, 464238
1641007186, 268, 1481, 1491, 10, 0, 12.68%, 0, 0, 45, 436.76, 909830, 1, 464481, 2861, 464238
1641007191, 268, 1482, 1491, 9, 0, 12.68%, 0, 0, 45, 351.06, 911607, 1, 464796, 2862, 464238
1641007196, 268, 1483, 1492, 9, 0, 12.68%, 0, 0, 45, 344.56, 913161, 1, 464955, 2863, 464928
1641007201, 268, 1484, 1492, 8, 0, 12.68%, 0, 0, 45, 111.20, 913737, 1, 465371, 2864, 464928
1641007206, 268, 1487, 1493, 6, 0, 12.68%, 0, 0, 45, 314.97, 915535, 1, 466176, 2867, 465468
1641007211, 268, 1488, 1493, 5, 0, 12.68%, 0, 0, 45, 299.47, 916973, 1, 466483, 2868, 465468
1641007217, 268, 1489, 1493, 4, 0, 12.68%, 0, 0, 45, 176.84, 918609, 1, 466793, 2869, 465468
1641007222, 268, 1490, 1493, 3, 0, 12.68%, 0, 0, 45, 208.98, 919752, 1, 467105, 2870, 465468
1641007232, 268, 1491, 1494, 3, 0, 12.68%, 0, 0, 45, 310.09, 922933, 1, 467420, 2871, 467213
1641007237, 268, 1491, 1495, 4, 0, 12.68%, 0, 0, 45, 27.05, 923380, 1, 467528, 2871, 467488
1641007247, 268, 1493, 1495, 2, 0, 12.68%, 0, 0, 45, 376.14, 924804, 1, 468006, 2873, 467488
1641007253, 268, 1493, 1497, 4, 0, 12.68%, 0, 0, 45, 84.41, 926039, 1, 468283, 2873, 468203
1641007258, 268, 1494, 1497, 3, 0, 12.68%, 0, 0, 45, 234.37, 927397, 1, 468300, 2874, 468203
1641007273, 268, 1495, 1497, 2, 0, 12.68%, 0, 0, 45, 244.74, 928817, 1, 468579, 2875, 468203
1641007284, 268, 1496, 1498, 2, 0, 12.68%, 0, 0, 45, 27.69, 930407, 1, 468937, 2876, 468899
1641007289, 268, 1497, 1499, 2, 0, 12.68%, 0, 0, 45, 238.74, 931374, 1, 469159, 2877, 468959
1641007294, 268, 1498, 1500, 2, 0, 12.68%, 0, 0, 45, 251.29, 932769, 1, 469438, 2878, 469280
1641007304, 269, 1445, 1500, 0, 0, 12.68%, 0, 0, 45, 380.88, 934597, 2, 470442, 2881, 469280
1641007309, 269, 1470, 1500, 0, 0, 12.68%, 0, 0, 45, 294.53, 936056, 2, 471901, 2885, 469280
1641007314, 269, 1474, 1500, 0, 0, 12.68%, 0, 0, 45, 279.77, 937509, 2, 473354, 2889, 469280
1641007319, 269, 1500, 1501, 1, 0, 12.68%, 0, 0, 45, 313.74, 938795, 1, 474450, 2891, 473914
1641007324, 270, 1478, 1502, 0, 0, 12.68%, 0, 0, 45, 224.69, 939973, 2, 475527, 2894, 474562
1641007329, 270, 1471, 1502, 0, 0, 12.68%, 0, 0, 45, 219.09, 941084, 2, 476638, 2896, 474562
1641007335, 270, 1482, 1502, 0, 0, 12.68%, 0, 0, 45, 264.55, 942609, 2, 478163, 2900, 474562
1641007340, 270, 1468, 1502, 0, 0, 12.68%, 0, 0, 45, 43.73, 942941, 2, 478495, 2901, 474562
1641007350, 271, 1502, 1503, 0, 0, 12.68%, 0, 0, 45, 388.64, 944570, 2, 480071, 2905, 479341
1641007355, 272, 1498, 1504, 0, 0, 12.68%, 0, 0, 45, 59.94, 945670, 2, 481117, 2907, 480255
1641007365, 272, 1504, 1506, 2, 1, 12.68%, 0, 0, 45, 389.42, 947415, 1, 482782, 2910, 482347
1641007370, 274, 1506, 1509, 2, 0, 12.68%, 0, 0, 45, 389.81, 949374, 2, 484591, 2914, 484432
1641007375, 275, 1507, 1510, 0, 0, 12.68%, 0, 0, 45, 390.30, 951309, 2, 486341, 2919, 485141
1641007380, 275, 1479, 1510, 0, 0, 12.68%, 0, 0, 45, 250.06, 952501, 2, 487533, 2921, 485141
1641007385, 275, 1488, 1510, 0, 0, 12.68%, 0, 0, 45, 152.55, 953140, 2, 488172, 2922, 485141
1641007390, 275, 1491, 1510, 0, 0, 12.68%, 0, 0, 45, 26.64, 953324, 2, 488356, 2923, 485141
1641007401, 275, 1477, 1510, 0, 0, 12.68%, 0, 0, 45, 33.83, 954100, 2, 489132, 2925, 485141
1641007416, 275, 1503, 1511, 1, 0, 12.68%, 0, 0, 45, 399.90, 956040, 2, 491064, 2928, 490707
1641007421, 277, 1511, 1513, 1, 0, 12.68%, 0, 0, 45, 394.79, 958011, 2, 492929, 2932, 492504
1641007426, 279, 1509, 1513, 0, 0, 12.68%, 0, 0, 45, 384.17, 959875, 2, 494748, 2936, 492504
1641007431, 279, 1466, 1513, 0, 0, 12.68%, 0, 0, 45, 100.96, 960708, 2, 495581, 2937, 492504
1641007437, 279, 1480, 1513, 0, 0, 12.68%, 0, 0, 45, 64.68, 960992, 2, 495865, 2938, 492504
1641007442, 279, 1463, 1513, 0, 0, 12.68%, 0, 0, 45, 154.88, 961796, 2, 496669, 2940, 492504
1641007447, 279, 1453, 1513, 0, 0, 12.68%, 0, 0, 45, 183.68, 962836, 2, 497709, 2942, 492504
1641007452, 279, 1483, 1513, 0, 0, 12.68%, 0, 0, 45, 69.19, 964116, 2, 498989, 2944, 492504
1641007457, 279, 1494, 1513, 0, 0, 12.68%, 0, 0, 45, 79.50, 964539, 2, 499412, 2945, 492504
1641007483, 279, 1469, 1513, 0, 0, 12.68%, 0, 0, 45, 47.78, 966161, 2, 501034, 2947, 492504
1641007488, 279, 1475, 1513, 0, 0, 12.68%, 0, 0, 45, 70.16, 967249, 2, 502122, 2950, 492504
1641007493, 279, 1461, 1513, 0, 0, 12.68%, 0, 0, 45, 211.83, 968319, 2, 503192, 2951, 492504
1641007498, 279, 1489, 1513, 0, 0, 12.68%, 0, 0, 45, 192.51, 969486, 2, 504359, 2953, 492504
1641007504, 279, 1493, 1513, 0, 0, 12.68%, 0, 0, 45, 62.18, 970725, 2, 505598, 2956, 492504
1641007509, 279, 1465, 1513, 0, 0, 12.68%, 0, 0, 45, 171.45, 971555, 2, 506428, 2959, 492504
1641007514, 279, 1495, 1513, 0, 0, 12.68%, 0, 0, 45, 58.00, 972607, 2, 507480, 2961, 492504
1641007524, 279, 1496, 1513, 0, 0, 12.68%, 0, 0, 45, 81.70, 973438, 2, 508311, 2963, 492504
1641007529, 279, 1472, 1513, 0, 0, 12.68%, 0, 0, 45, 96.35, 973875, 2, 508748, 2964, 492504
1641007534, 279, 1223, 1513, 0, 0, 12.68%, 0, 0, 45, 284.20, 975424, 2, 510297, 2969, 492504
1641007539, 279, 1410, 1514, 1, 0, 12.68%, 0, 0, 45, 347.66, 977261, 2, 512126, 2973, 512046
1641007545, 279, 1514, 1515, 1, 0, 12.68%, 0, 0, 45, 328.87, 978900, 1, 512603, 2975, 512507
1641007550, 279, 1515, 1516, 1, 0, 12.68%, 0, 0, 45, 312.96, 980623, 1, 512948, 2976, 512942
1641007555, 280, 1516, 1518, 2, 0, 12.68%, 0, 0, 45, 314.81, 982281, 1, 514358, 2979, 514347
1641007560, 280, 1517, 1519, 2, 0, 12.68%, 0, 0, 45, 365.93, 983739, 1, 514705, 2980, 514683
1641007565, 281, 1518, 1519, 0, 0, 12.68%, 0, 0, 45, 373.24, 985750, 2, 515902, 2982, 514683
1641007570, 283, 1519, 1520, 0, 0, 12.68%, 0, 0, 45, 395.63, 987758, 2, 517322, 2985, 516117
1641007575, 284, 1367, 1520, 0, 0, 12.68%, 0, 0, 45, 355.33, 989527, 2, 519091, 2989, 516117
1641007580, 284, 1186, 1520, 0, 0, 12.68%, 0, 0, 45, 381.25, 991446, 2, 521010, 2994, 516117
1641007586, 284, 1520, 1521, 1, 0, 12.68%, 0, 0, 45, 295.50, 992970, 1, 522008, 2997, 521706
1641007591, 285, 1521, 1522, 1, 0, 12.68%, 0, 0, 45, 228.25, 994495, 1, 523024, 2999, 522426
1641007596, 286, 1522, 1523, 1, 1, 12.68%, 0, 0, 45, 283.93, 996125, 1, 524157, 3001, 523760
1641007601, 288, 1523, 1524, 1, 0, 12.68%, 0, 0, 45, 340.15, 997948, 1, 525892, 3005, 525566
1641007606, 291, 1409, 1525, 0, 0, 12.68%, 0, 0, 45, 367.84, 999941, 2, 527814, 3009, 526307
1641007611, 292, 1525, 1526, 0, 0, 12.68%, 0, 0, 45, 395.88, 1002026, 2, 528871, 3012, 527924
1641007617, 293, 1526, 1527, 1, 0, 12.68%, 0, 0, 45, 325.11, 1003643, 1, 529549, 3014, 529517
1641007622, 294, 1528, 1529, 0, 0, 12.68%, 0, 0, 45, 380.90, 1005603, 2, 531326, 3018, 530167
1641007627, 296, 1529, 1532, 2, 0, 12.69%, 0, 0, 45, 404.58, 1007584, 2, 533186, 3024, 533174
1641007632, 296, 1532, 1533, 1, 1, 12.69%, 0, 0, 45, 426.25, 1009801, 1, 533832, 3027, 533432
1641007637, 298, 1530, 1533, 0, 0, 12.69%, 0, 0, 45, 423.87, 1012018, 2, 535490, 3030, 533432
1641007642, 298, 1533, 1534, 1, 0, 12.69%, 0, 0, 45, 429.55, 1014204, 1, 537059, 3058, 537058
1641007647, 300, 3, 1536, 2, 0, 12.71%, 0, 0, 45, 406.31, 1016307, 2, 538665, 3066, 538631
1641007653, 300, 1535, 1543, 8, 6, 12.76%, 0, 0, 45, 369.50, 1018210, 1, 540180, 3068, 539984
1641007658, 300, 1540, 1546, 6, 5, 12.77%, 0, 0, 45, 403.58, 1020289, 1, 541893, 3073, 541476
1641007663, 300, 1546, 1550, 4, 3, 12.80%, 0, 0, 45, 425.53, 1022433, 1, 543891, 3079, 543725
1641007668, 301, 1550, 1551, 1, 0, 12.80%, 0, 0, 45, 360.96, 1024308, 1, 545544, 3084, 545536
1641007678, 302, 1554, 1557, 3, 3, 12.88%, 0, 0, 45, 391.58, 1027799, 1, 547123, 3089, 546424
1641007683, 302, 1557, 1558, 1, 1, 12.88%, 0, 0, 45, 437.75, 1030083, 1, 548098, 3092, 547416
1641007688, 303, 1559, 1564, 5, 3, 12.91%, 0, 0, 45, 433.94, 1032316, 1, 549540, 3095, 549444
1641007693, 304, 1559, 1565, 0, 0, 12.91%, 0, 0, 45, 424.26, 1034428, 2, 551528, 3102, 550663
1641007698, 304, 1565, 1566, 1, 1, 12.92%, 0, 0, 45, 413.85, 1036535, 1, 553618, 3106, 553477
1641007703, 305, 1566, 1566, 0, 0, 12.92%, 0, 0, 45, 412.46, 1038642, 2, 555725, 3110, 553477
1641007709, 306, 1539, 1566, 0, 0, 12.92%, 0, 0, 45, 411.89, 1040733, 2, 557816, 3114, 553477
1641007714, 306, 1566, 1567, 1, 0, 12.92%, 0, 0, 45, 375.40, 1042653, 1, 559664, 3117, 559233
1641007719, 307, 1557, 1567, 0, 0, 12.92%, 0, 0, 45, 411.28, 1044801, 2, 560802, 3119, 559233
1641007724, 307, 1568, 1571, 3, 0, 12.94%, 0, 0, 45, 420.20, 1046987, 1, 562900, 3124, 562804
1641007729, 309, 1568, 1571, 0, 0, 12.94%, 0, 0, 45, 420.25, 1049096, 2, 564962, 3128, 562804
1641007734, 310, 1573, 1573, 0, 0, 12.95%, 0, 0, 45, 422.77, 1051211, 2, 567035, 3132, 565531
1641007739, 311, 1535, 1573, 0, 0, 12.95%, 0, 0, 45, 427.96, 1053418, 2, 569242, 3137, 565531
1641007744, 313, 1575, 1575, 0, 0, 12.95%, 0, 0, 45, 422.98, 1055615, 2, 571387, 3142, 570346
1641007749, 315, 1545, 1576, 0, 0, 12.95%, 0, 0, 45, 417.55, 1057738, 2, 573490, 3146, 571621
1641007754, 315, 1576, 1577, 1, 0, 12.95%, 0, 0, 45, 387.17, 1059640, 1, 575110, 3149, 574922
1641007759, 317, 1558, 1577, 0, 0, 12.95%, 0, 0, 45, 404.12, 1061697, 2, 576629, 3152, 574922
1641007764, 317, 1577, 1580, 3, 0, 12.95%, 0, 0, 45, 386.76, 1063695, 1, 578531, 3163, 578513
1641007769, 317, 1579, 1581, 2, 0, 12.95%, 0, 0, 45, 335.37, 1065267, 1, 579208, 3165, 578998
1641007774, 317, 1583, 1585, 2, 0, 12.95%, 0, 0, 45, 338.86, 1067020, 1, 580417, 3169, 580317
1641007780, 317, 1585, 1592, 7, 0, 12.95%, 0, 0, 45, 149.54, 1068223, 1, 581144, 3171, 580769
1641007785, 317, 1588, 1593, 5, 0, 12.95%, 0, 0, 45, 291.67, 1069910, 1, 582160, 3174, 581241
1641007790, 317, 1591, 1593, 2, 0, 12.95%, 0, 0, 45, 284.29, 1071451, 1, 583182, 3177, 581241
1641007795, 318, 505, 1593, 0, 0, 12.95%, 0, 0, 45, 339.40, 1073157, 2, 584683, 3185, 581241
1641007800, 318, 902, 1593, 0, 0, 12.95%, 0, 0, 45, 341.20, 1074823, 2, 586349, 3194, 581241
1641007805, 318, 989, 1593, 0, 0, 12.95%, 0, 0, 45, 272.13, 1076246, 2, 587772, 3198, 581241
1641007810, 318, 1445, 1593, 0, 0, 12.95%, 0, 0, 45, 285.58, 1077494, 2, 589020, 3201, 581241
1641007815, 318, 1457, 1593, 0, 0, 12.95%, 0, 0, 45, 372.13, 1079539, 2, 591065, 3203, 581241
1641007820, 318, 1215, 1593, 0, 0, 12.95%, 0, 0, 45, 368.33, 1081391, 2, 592917, 3205, 581241
1641007826, 318, 837, 1594, 1, 0, 12.95%, 0, 0, 45, 376.82, 1083321, 2, 594839, 3210, 594769
1641007831, 318, 1594, 1597, 3, 0, 12.95%, 0, 0, 45, 324.82, 1084991, 1, 595467, 3212, 595158
1641007836, 318, 1596, 1598, 2, 1, 12.95%, 0, 0, 45, 310.51, 1086604, 1, 596214, 3214, 595825
1641007841, 318, 1597, 1598, 1, 1, 12.95%, 0, 0, 45, 293.00, 1088129, 1, 596681, 3215, 595825
1641007846, 319, 841, 1599, 0, 0, 12.95%, 0, 0, 45, 300.36, 1089560, 2, 597506, 3217, 596735
1641007851, 320, 808, 1600, 0, 0, 12.95%, 0, 0, 45, 286.78, 1090855, 2, 598692, 3219, 597834
1641007856, 320, 1268, 1600, 0, 0, 12.95%, 0, 0, 45, 223.09, 1092162, 2, 599999, 3222, 597834
1641007862, 320, 1600, 1601, 1, 0, 12.95%, 0, 0, 45, 127.16, 1092690, 1, 600052, 3223, 600026
1641007867, 321, 1444, 1601, 0, 0, 12.95%, 0, 0, 45, 262.62, 1094034, 2, 601344, 3225, 600026
1641007872, 321, 1296, 1601, 0, 0, 12.95%, 0, 0, 45, 376.25, 1096096, 2, 603406, 3229, 600026
1641007877, 321, 1190, 1601, 0, 0, 12.95%, 0, 0, 45, 369.62, 1097889, 2, 605199, 3232, 600026
1641007882, 321, 1124, 1601, 0, 0, 12.95%, 0, 0, 45, 299.30, 1099583, 2, 606893, 3234, 600026
1641007887, 321, 1275, 1602, 1, 0, 12.95%, 0, 0, 45, 345.29, 1101424, 2, 608726, 3238, 608617
1641007892, 322, 1470, 1602, 0, 0, 12.95%, 0, 0, 45, 68.66, 1102863, 2, 609595, 3240, 608617
1641007897, 322, 1331, 1602, 0, 0, 12.95%, 0, 0, 45, 253.74, 1104173, 2, 610905, 3242, 608617
1641007902, 322, 1602, 1605, 3, 2, 12.95%, 0, 0, 45, 321.15, 1105967, 1, 612614, 3246, 612272
1641007907, 322, 1606, 1612, 6, 1, 12.96%, 0, 0, 45, 340.74, 1107702, 1, 614228, 3250, 614199
1641007912, 322, 1610, 1615, 5, 1, 12.96%, 0, 0, 45, 353.56, 1109229, 1, 615643, 3254, 615552
1641007918, 322, 1614, 1616, 2, 0, 12.96%, 0, 0, 45, 355.86, 1111072, 1, 617369, 3258, 617211
1641007923, 322, 1618, 1624, 6, 2, 12.96%, 0, 0, 45, 341.52, 1112765, 1, 618696, 3262, 618128
1641007928, 322, 1621, 1626, 5, 1, 12.96%, 0, 0, 45, 331.88, 1114476, 1, 620156, 3265, 619633
1641007933, 322, 1625, 1638, 13, 1, 12.96%, 0, 0, 45, 335.48, 1116198, 1, 621478, 3269, 621334
1641007938, 322, 1629, 1643, 14, 1, 12.96%, 0, 0, 45, 324.33, 1117829, 1, 622669, 3273, 622608
1641007943, 322, 1632, 1652, 20, 1, 12.96%, 0, 0, 45, 319.82, 1119465, 1, 623594, 3276, 623594
1641007948, 322, 1633, 1653, 20, 1, 12.96%, 0, 0, 45, 241.74, 1120813, 1, 623915, 3277, 623726
1641007953, 322, 1635, 1654, 19, 1, 12.96%, 0, 0, 45, 289.23, 1122422, 1, 624543, 3279, 624300
1641007959, 322, 1638, 1656, 18, 1, 12.96%, 0, 0, 45, 307.23, 1124011, 1, 625481, 3282, 625314
1641007964, 322, 1641, 1659, 18, 1, 12.96%, 0, 0, 45, 307.73, 1125687, 1, 626411, 3285, 626364
1641007969, 322, 1644, 1660, 16, 1, 12.96%, 0, 0, 45, 322.10, 1127309, 1, 627334, 3288, 626492
1641007974, 322, 1646, 1660, 14, 1, 12.96%, 0, 0, 45, 308.51, 1128873, 1, 627970, 3290, 626492
1641007984, 322, 1649, 1661, 12, 1, 12.96%, 0, 0, 45, 264.47, 1131753, 1, 628964, 3293, 628912
1641007989, 322, 1652, 1661, 9, 1, 12.96%, 0, 0, 45, 311.26, 1133440, 1, 629985, 3296, 628912
1641007995, 322, 1653, 1662, 9, 1, 12.96%, 0, 0, 45, 296.22, 1134934, 1, 630335, 3297, 630137
1641008000, 322, 1654, 1663, 9, 1, 12.96%, 0, 0, 45, 308.14, 1136568, 1, 630674, 3298, 630339
1641008005, 322, 1656, 1665, 9, 1, 12.96%, 0, 0, 45, 316.57, 1138189, 1, 631454, 3300, 630733
1641008010, 322, 1659, 1673, 14, 0, 12.96%, 0, 0, 45, 313.71, 1139774, 1, 632226, 3303, 632167
1641008015, 322, 1661, 1675, 14, 0, 12.96%, 0, 0, 45, 309.34, 1141316, 1, 632808, 3305, 632663
1641008020, 322, 1663, 1676, 13, 0, 12.96%, 0, 0, 45, 305.64, 1142887, 1, 633400, 3307, 633101
1641008025, 322, 1666, 1676, 10, 0, 12.96%, 0, 0, 45, 295.40, 1144425, 1, 634202, 3310, 633101
1641008030, 322, 1667, 1677, 10, 0, 12.96%, 0, 0, 45, 241.98, 1145641, 1, 634495, 3311, 634205
1641008040, 322, 1668, 1677, 9, 0, 12.96%, 0, 0, 45, 269.48, 1148134, 1, 634962, 3312, 634205
1641008045, 322, 1672, 1677, 5, 0, 12.96%, 0, 0, 45, 312.08, 1149804, 1, 635954, 3316, 634205
1641008051, 322, 1673, 1677, 4, 0, 12.96%, 0, 0, 45, 309.97, 1151356, 1, 636267, 3317, 634205
1641008056, 322, 1674, 1677, 3, 0, 12.96%, 0, 0, 45, 273.63, 1152606, 1, 636586, 3318, 634205
1641008061, 322, 1675, 1678, 3, 0, 12.96%, 0, 0, 45, 297.63, 1154095, 1, 636927, 3319, 636908
1641008066, 322, 1677, 1685, 8, 0, 12.96%, 0, 0, 45, 301.03, 1155612, 1, 637715, 3321, 637696
1641008071, 322, 1678, 1685, 7, 0, 12.96%, 0, 0, 45, 315.01, 1157196, 1, 637897, 3322, 637696
1641008076, 322, 1680, 1687, 7, 0, 12.96%, 0, 0, 45, 315.01, 1158826, 1, 638449, 3324, 638180
1641008081, 322, 1683, 1689, 6, 0, 12.96%, 0, 0, 45, 313.38, 1160458, 1, 639377, 3327, 639339
1641008086, 322, 1686, 1689, 3, 0, 12.96%, 0, 0, 45, 320.26, 1162119, 1, 640224, 3330, 639339
1641008091, 322, 1689, 1690, 1, 0, 12.96%, 0, 0, 45, 325.80, 1163794, 1, 641183, 3333, 641006
1641008097, 323, 1664, 1693, 0, 0, 12.96%, 0, 0, 46, 335.87, 1165484, 2, 642738, 3338, 641748
1641008102, 323, 1610, 1693, 0, 0, 12.96%, 0, 0, 46, 346.44, 1167328, 2, 644582, 3342, 641748
1641008107, 323, 1603, 1693, 0, 0, 12.96%, 0, 0, 46, 364.78, 1169136, 2, 646390, 3344, 641748
1641008112, 325, 878, 1694, 0, 0, 12.96%, 0, 0, 46, 347.80, 1170852, 2, 648021, 3348, 646657
1641008117, 325, 1449, 1694, 0, 0, 12.96%, 0, 0, 46, 378.26, 1172766, 2, 649935, 3351, 646657
1641008122, 325, 1625, 1694, 0, 0, 12.96%, 0, 0, 46, 377.99, 1174687, 2, 651856, 3354, 646657
1641008127, 326, 1287, 1695, 0, 0, 12.96%, 0, 0, 46, 298.55, 1176273, 2, 653375, 3359, 652090
1641008137, 326, 1673, 1697, 2, 0, 12.99%, 0, 0, 46, 274.36, 1178379, 2, 655465, 3363, 655437
1641008143, 326, 1695, 1701, 6, 1, 12.99%, 0, 0, 46, 289.57, 1179895, 1, 655852, 3364, 655817
1641008148, 326, 1696, 1704, 8, 1, 12.99%, 0, 0, 46, 292.17, 1181348, 1, 656256, 3365, 656166
1641008153, 326, 1697, 1705, 8, 0, 12.99%, 0, 0, 46, 275.42, 1182758, 1, 656497, 3366, 656410
1641008158, 326, 1698, 1707, 9, 0, 12.99%, 0, 0, 46, 286.55, 1184222, 1, 656913, 3367, 656836
1641008163, 326, 1700, 1707, 7, 0, 12.99%, 0, 0, 46, 243.66, 1185546, 1, 657417, 3369, 656836
1641008168, 326, 1701, 1708, 7, 0, 12.99%, 0, 0, 46, 281.97, 1187048, 1, 657762, 3370, 657476
1641008173, 326, 1702, 1708, 6, 0, 12.99%, 0, 0, 46, 290.11, 1188558, 1, 658092, 3371, 657476
1641008178, 326, 1703, 1709, 6, 0, 12.99%, 0, 0, 46, 295.01, 1190069, 1, 658427, 3372, 658228
1641008184, 326, 1704, 1711, 7, 0, 12.99%, 0, 0, 46, 285.57, 1191519, 1, 658752, 3373, 658606
1641008189, 326, 1705, 1711, 6, 0, 12.99%, 0, 0, 46, 283.40, 1192918, 1, 659071, 3374, 658606
1641008194, 326, 1706, 1711, 5, 0, 12.99%, 0, 0, 46, 281.94, 1194381, 1, 659395, 3375, 658606
1641008199, 326, 1707, 1711, 4, 0, 12.99%, 0, 0, 46, 293.08, 1195702, 1, 659725, 3376, 658606
1641008204, 326, 1708, 1712, 4, 1, 12.99%, 0, 0, 46, 302.83, 1197210, 1, 660060, 3377, 659742
1641008209, 326, 1709, 1712, 3, 1, 12.99%, 0, 0, 46, 300.84, 1198805, 1, 660377, 3378, 659742
1641008214, 326, 1711, 1713, 2, 1, 12.99%, 0, 0, 46, 304.96, 1200382, 1, 661006, 3380, 660391
1641008219, 326, 1712, 1713, 1, 0, 12.99%, 0, 0, 46, 300.27, 1201882, 1, 661530, 3381, 660391
1641008224, 327, 1698, 1714, 0, 0, 12.99%, 0, 0, 46, 300.80, 1203424, 2, 662905, 3386, 661597
1641008229, 327, 516, 1714, 0, 0, 12.99%, 0, 0, 46, 324.58, 1205074, 2, 664555, 3390, 661597
1641008235, 329, 1301, 1716, 1, 0, 12.99%, 0, 0, 46, 381.57, 1207157, 2, 666614, 3394, 666440
1641008240, 329, 1715, 1716, 1, 0, 12.99%, 0, 0, 46, 312.09, 1208670, 1, 667443, 3395, 666440
1641008245, 331, 1012, 1716, 0, 0, 12.99%, 0, 0, 46, 267.10, 1210111, 2, 668884, 3398, 666440
1641008250, 331, 1718, 1719, 1, 0, 12.99%, 0, 0, 46, 328.24, 1211866, 1, 670271, 3402, 670171
1641008255, 331, 1719, 1723, 4, 0, 12.99%, 0, 0, 46, 321.82, 1213527, 1, 670779, 3403, 670646
1641008260, 331, 1720, 1723, 3, 0, 12.99%, 0, 0, 46, 299.67, 1215042, 1, 670923, 3404, 670646
1641008265, 331, 1721, 1725, 4, 0, 12.99%, 0, 0, 46, 303.75, 1216534, 1, 671233, 3405, 670995
1641008270, 331, 1723, 1726, 3, 0, 12.99%, 0, 0, 46, 311.48, 1218165, 1, 671817, 3407, 671323
1641008281, 331, 1724, 1726, 2, 0, 12.99%, 0, 0, 46, 292.33, 1221159, 1, 672112, 3408, 671323
1641008286, 331, 1726, 1728, 2, 0, 12.99%, 0, 0, 46, 309.24, 1222733, 1, 672868, 3410, 672529
1641008291, 332, 1728, 1731, 3, 0, 12.99%, 0, 0, 46, 251.55, 1223773, 1, 673672, 3413, 673667
1641008296, 333, 1730, 1731, 0, 0, 12.99%, 0, 0, 46, 335.88, 1225601, 2, 675384, 3418, 673667
1641008301, 334, 1731, 1733, 2, 1, 13.01%, 0, 0, 46, 352.06, 1227399, 1, 677131, 3421, 676984
1641008306, 335, 928, 1733, 0, 0, 13.01%, 0, 0, 46, 304.91, 1228993, 2, 678699, 3426, 676984
1641008311, 335, 1733, 1734, 1, 0, 13.01%, 0, 0, 46, 345.97, 1230682, 1, 680323, 3429, 679866
1641008316, 336, 1332, 1734, 0, 0, 13.01%, 0, 0, 46, 347.20, 1232541, 2, 682182, 3434, 679866
1641008321, 336, 1447, 1734, 0, 0, 13.01%, 0, 0, 46, 371.01, 1234500, 2, 684141, 3437, 679866
1641008326, 336, 1735, 1741, 6, 1, 13.01%, 0, 0, 46, 368.94, 1236391, 1, 685925, 3441, 685729
1641008332, 336, 1740, 1746, 6, 0, 13.01%, 0, 0, 46, 351.96, 1238192, 1, 687555, 3446, 687026
1641008337, 336, 1741, 1754, 13, 0, 13.01%, 0, 0, 46, 309.48, 1239754, 1, 688007, 3447, 687997
1641008342, 336, 1745, 1760, 15, 0, 13.01%, 0, 0, 46, 326.37, 1241449, 1, 689510, 3451, 689458
1641008347, 336, 1747, 1760, 13, 0, 13.01%, 0, 0, 46, 315.83, 1243012, 1, 689886, 3453, 689458
1641008352, 336, 1749, 1762, 13, 0, 13.01%, 0, 0, 46, 329.55, 1244757, 1, 690785, 3455, 690283
1641008357, 336, 1752, 1766, 14, 0, 13.01%, 0, 0, 46, 323.62, 1246406, 1, 691630, 3458, 691444
1641008362, 336, 1753, 1766, 13, 0, 13.01%, 0, 0, 46, 306.69, 1247932, 1, 691966, 3459, 691444
1641008367, 336, 1755, 1767, 12, 0, 13.01%, 0, 0, 46, 323.43, 1249535, 1, 692861, 3461, 691981
1641008372, 336, 1760, 1769, 9, 0, 13.01%, 0, 0, 46, 347.04, 1251317, 1, 694334, 3466, 694007
1641008378, 336, 1761, 1769, 8, 0, 13.01%, 0, 0, 46, 301.99, 1252710, 1, 694666, 3467, 694007
1641008383, 336, 1763, 1771, 8, 0, 13.01%, 0, 0, 46, 322.32, 1254360, 1, 695655, 3469, 695631
1641008388, 336, 1767, 1771, 4, 0, 13.01%, 0, 0, 46, 332.80, 1256058, 1, 696771, 3473, 695631
1641008393, 336, 1770, 1771, 1, 0, 13.01%, 0, 0, 46, 338.93, 1257769, 1, 697845, 3476, 695631
1641008398, 336, 1771, 1772, 1, 0, 13.01%, 0, 0, 46, 316.41, 1259330, 1, 698344, 3477, 698142
1641008403, 338, 1766, 1773, 0, 0, 13.01%, 0, 0, 46, 343.82, 1261103, 2, 700088, 3480, 698642
1641008408, 338, 1756, 1773, 0, 0, 13.01%, 0, 0, 46, 361.32, 1262917, 2, 701902, 3484, 698642
1641008413, 338, 1773, 1775, 2, 1, 13.06%, 0, 0, 46, 371.41, 1264725, 1, 703694, 3488, 703478
1641008418, 338, 1778, 1779, 1, 1, 13.08%, 0, 0, 46, 397.74, 1266820, 1, 705751, 3493, 704543
1641008423, 340, 1780, 1782, 2, 0, 13.10%, 0, 0, 46, 403.31, 1268872, 1, 707777, 3498, 707591
1641008428, 340, 1784, 1786, 2, 1, 13.15%, 0, 0, 46, 435.84, 1271228, 1, 708984, 3502, 708749
1641008433, 341, 1782, 1787, 0, 0, 13.15%, 0, 0, 46, 416.94, 1273334, 2, 711039, 3507, 709230
1641008438, 341, 1788, 1789, 1, 1, 13.40%, 0, 0, 46, 43.39, 1273903, 1, 711524, 3509, 711504
1641008459, 341, 1788, 1796, 8, 1, 13.41%, 0, 0, 46, 21.93, 1274299, 1, 711559, 3509, 711538
1641008464, 341, 1788, 1801, 13, 1, 13.41%, 0, 0, 46, 27.54, 1274453, 1, 711682, 3509, 711664
1641008469, 341, 1788, 1804, 16, 1, 13.42%, 0, 0, 46, 34.13, 1274634, 1, 711831, 3509, 711805
1641008474, 341, 1789, 1805, 16, 3, 13.42%, 0, 0, 46, 24.04, 1274752, 1, 711874, 3510, 711840
1641008495, 341, 1789, 1806, 17, 3, 13.42%, 0, 0, 46, 31.66, 1275218, 1, 712043, 3510, 711930
1641008500, 341, 1789, 1807, 18, 3, 13.42%, 0, 0, 46, 33.67, 1275399, 1, 712216, 3510, 712203
1641008505, 341, 1790, 1807, 17, 3, 13.42%, 0, 0, 46, 24.27, 1275511, 1, 712222, 3511, 712203
1641008526, 341, 1791, 1808, 17, 2, 13.42%, 0, 0, 46, 34.45, 1276113, 1, 712571, 3512, 712549
1641008541, 341, 1791, 1809, 18, 2, 13.42%, 0, 0, 46, 36.92, 1276507, 1, 712733, 3512, 712725
1641008546, 341, 1792, 1810, 18, 2, 13.42%, 0, 0, 46, 36.79, 1276721, 1, 712921, 3513, 712789
1641008603, 341, 1792, 1811, 19, 2, 13.42%, 0, 0, 46, 24.92, 1277832, 1, 713022, 3513, 713012
1641008608, 341, 1792, 1813, 21, 2, 13.42%, 0, 0, 46, 24.72, 1277961, 1, 713141, 3513, 713080
1641008613, 341, 1793, 1814, 21, 2, 13.42%, 0, 0, 46, 26.29, 1278104, 1, 713265, 3514, 713197
1641008638, 341, 1793, 1815, 22, 2, 13.43%, 0, 0, 46, 35.84, 1278701, 1, 713480, 3514, 713308
1641008644, 341, 1794, 1815, 21, 3, 13.43%, 0, 0, 46, 29.96, 1278861, 1, 713607, 3515, 713308
1641008685, 341, 1795, 1816, 21, 4, 13.44%, 0, 0, 46, 30.04, 1279779, 1, 713933, 3516, 713823
1641008731, 341, 1795, 1817, 22, 4, 13.44%, 0, 0, 46, 29.98, 1280753, 1, 714112, 3516, 714075
1641008741, 341, 1796, 1817, 21, 4, 13.44%, 0, 0, 46, 19.65, 1280978, 1, 714256, 3517, 714075
1641008782, 341, 1796, 1818, 22, 4, 13.44%, 0, 0, 46, 31.30, 1281866, 1, 714518, 3517, 714441
1641008787, 341, 1797, 1818, 21, 4, 13.44%, 0, 0, 46, 25.94, 1282004, 1, 714571, 3518, 714441
1641008802, 341, 1798, 1818, 20, 3, 13.44%, 0, 0, 46, 45.00, 1282492, 1, 714881, 3519, 714441
1641008807, 341, 1799, 1818, 20, 3, 13.44%, 0, 0, 46, 18.45, 1282697, 1, 714881, 3520, 714441
1641008818, 341, 1800, 1819, 20, 3, 13.44%, 0, 0, 46, 40.88, 1283104, 1, 715204, 3521, 715012
1641008864, 341, 1802, 1819, 18, 2, 13.44%, 0, 0, 46, 19.11, 1284631, 1, 715838, 3523, 715012
1641008884, 341, 1802, 1820, 19, 2, 13.44%, 0, 0, 46, 35.57, 1285135, 1, 716052, 3523, 715977
1641008889, 341, 1803, 1821, 19, 2, 13.44%, 0, 0, 46, 28.58, 1285287, 1, 716164, 3524, 716107
1641008915, 341, 1804, 1821, 18, 2, 13.44%, 0, 0, 46, 31.65, 1285960, 1, 716490, 3525, 716107
1641008946, 341, 1805, 1822, 18, 3, 13.51%, 0, 0, 46, 34.77, 1286706, 1, 716822, 3526, 716703
1641008997, 341, 1806, 1822, 17, 3, 13.51%, 0, 0, 46, 26.92, 1287826, 1, 717149, 3527, 716703
1641009012, 341, 1807, 1822, 16, 3, 13.51%, 0, 0, 46, 31.27, 1288349, 1, 717482, 3528, 716703
1641009058, 341, 1807, 1823, 17, 3, 13.51%, 0, 0, 46, 28.72, 1289325, 1, 717744, 3528, 717675
1641009064, 341, 1808, 1823, 16, 3, 13.51%, 0, 0, 46, 37.75, 1289505, 1, 717821, 3529, 717675
1641009084, 341, 1809, 1823, 15, 3, 13.51%, 0, 0, 46, 30.79, 1290118, 1, 718153, 3530, 717675
1641009105, 341, 1810, 1823, 14, 3, 13.51%, 0, 0, 46, 35.74, 1290718, 1, 718491, 3531, 717675
1641009125, 341, 1811, 1823, 13, 3, 13.51%, 0, 0, 46, 32.94, 1291356, 1, 718834, 3532, 717675
1641009222, 341, 1812, 1824, 13, 4, 13.56%, 0, 0, 46, 21.45, 1293222, 1, 719182, 3533, 719163
1641009294, 341, 1813, 1824, 12, 4, 13.56%, 0, 0, 46, 20.32, 1294641, 1, 719531, 3534, 719163
1641009351, 341, 1814, 1825, 12, 4, 13.56%, 0, 0, 46, 40.26, 1295908, 1, 719884, 3535, 719822
1641009356, 341, 1815, 1827, 13, 3, 13.56%, 0, 0, 46, 279.70, 1297278, 1, 720236, 3536, 719943
1641009361, 341, 1816, 1827, 12, 2, 13.56%, 0, 0, 46, 24.54, 1297944, 1, 720573, 3537, 719943
1641009407, 341, 1816, 1828, 13, 2, 13.56%, 0, 0, 46, 30.40, 1298935, 1, 720803, 3537, 720667
1641009412, 341, 1817, 1828, 12, 2, 13.56%, 0, 0, 46, 26.96, 1299086, 1, 720915, 3538, 720667
1641009489, 341, 1818, 1828, 11, 2, 13.56%, 0, 0, 46, 23.81, 1300723, 1, 721244, 3539, 720667
1641009515, 341, 1819, 1828, 10, 2, 13.56%, 0, 0, 46, 28.79, 1301381, 1, 721579, 3540, 720667
1641009541, 341, 1820, 1828, 9, 2, 13.56%, 0, 0, 46, 41.73, 1302054, 1, 721919, 3541, 720667
1641009566, 341, 1820, 1829, 10, 2, 13.56%, 0, 0, 46, 29.41, 1302589, 1, 721987, 3541, 721950
1641009577, 341, 1821, 1829, 9, 2, 13.56%, 0, 0, 46, 48.03, 1303037, 1, 722265, 3542, 721950
1641009597, 341, 1821, 1841, 21, 2, 13.56%, 0, 0, 46, 66.48, 1304205, 1, 722457, 3542, 722402
1641009602, 341, 1822, 1842, 21, 3, 13.56%, 0, 0, 46, 38.63, 1304411, 1, 722594, 3543, 722563
1641009679, 341, 1823, 1842, 20, 3, 13.56%, 0, 0, 46, 28.15, 1306010, 1, 722922, 3544, 722563
1641009772, 341, 1823, 1843, 21, 3, 13.56%, 0, 0, 46, 28.11, 1308000, 1, 723070, 3544, 722950
1641009782, 341, 1824, 1843, 20, 3, 13.56%, 0, 0, 46, 21.67, 1308247, 1, 723256, 3545, 722950
1641009813, 341, 1825, 1843, 19, 3, 13.56%, 0, 0, 46, 79.71, 1309216, 1, 723574, 3546, 722950
1641009818, 341, 1826, 1845, 20, 3, 13.56%, 0, 0, 46, 164.16, 1310156, 1, 724184, 3547, 724018
1641009823, 341, 1827, 1845, 19, 3, 13.56%, 0, 0, 46, 19.05, 1310281, 1, 724212, 3548, 724018
1641009874, 341, 1828, 1845, 18, 3, 13.56%, 0, 0, 46, 41.07, 1311437, 1, 724518, 3549, 724018
1641009880, 341, 1829, 1845, 17, 3, 13.56%, 0, 0, 46, 117.69, 1312121, 1, 724830, 3550, 724018
1641009900, 341, 1829, 1846, 18, 3, 13.56%, 0, 0, 46, 69.06, 1313303, 1, 725043, 3550, 725004
1641009905, 341, 1830, 1846, 17, 3, 13.56%, 0, 0, 46, 60.74, 1313623, 1, 725149, 3551, 725004
1641009926, 341, 1831, 1848, 18, 3, 13.56%, 0, 0, 46, 67.63, 1314845, 1, 725463, 3552, 725443
1641009952, 341, 1831, 1849, 19, 3, 13.56%, 0, 0, 46, 62.34, 1316273, 1, 725610, 3552, 725533
1641009957, 341, 1832, 1849, 18, 3, 13.56%, 0, 0, 46, 62.70, 1316615, 1, 725779, 3553, 725533
1641009967, 341, 1833, 1849, 17, 3, 13.56%, 0, 0, 46, 78.47, 1317310, 1, 726082, 3554, 725533
1641009998, 341, 1834, 1849, 16, 3, 13.56%, 0, 0, 46, 61.49, 1319052, 1, 726392, 3555, 725533
1641010003, 341, 1834, 1850, 17, 3, 13.56%, 0, 0, 46, 91.27, 1319486, 1, 726640, 3555, 725533
1641010008, 341, 1835, 1850, 16, 3, 13.56%, 0, 0, 46, 64.76, 1319806, 1, 726709, 3556, 726641
1641010029, 341, 1836, 1850, 15, 3, 13.56%, 0, 0, 46, 67.12, 1321038, 1, 727026, 3557, 726641
1641010039, 341, 1837, 1850, 14, 2, 13.56%, 0, 0, 46, 65.79, 1321799, 1, 727349, 3558, 726641
1641010060, 341, 1838, 1850, 13, 2, 13.56%, 0, 0, 46, 61.56, 1322986, 1, 727678, 3559, 726641
1641010090, 341, 1839, 1850, 12, 2, 13.56%, 0, 0, 46, 58.57, 1324742, 1, 728012, 3560, 726641
1641010106, 341, 1839, 1851, 13, 2, 13.57%, 0, 0, 46, 63.51, 1325606, 1, 728095, 3560, 728048
1641010111, 341, 1840, 1851, 12, 3, 13.57%, 0, 0, 46, 65.68, 1325982, 1, 728351, 3561, 728048
1641010136, 341, 1841, 1851, 11, 3, 13.57%, 0, 0, 46, 58.84, 1327488, 1, 728674, 3562, 728048
1641010152, 341, 1842, 1851, 10, 3, 13.57%, 0, 0, 46, 60.05, 1328397, 1, 729003, 3563, 728048
1641010214, 341, 1843, 1851, 9, 2, 13.57%, 0, 0, 46, 36.09, 1329788, 1, 729338, 3564, 728048
1641010219, 341, 1844, 1851, 8, 2, 13.57%, 0, 0, 46, 121.46, 1330544, 1, 729679, 3565, 728048
1641010224, 341, 1845, 1852, 8, 3, 13.64%, 0, 0, 46, 132.60, 1331229, 1, 730024, 3566, 729722
1641010234, 341, 1846, 1853, 8, 4, 13.66%, 0, 0, 46, 77.73, 1331966, 1, 730354, 3567, 730034
1641010249, 341, 1847, 1853, 7, 4, 13.66%, 0, 0, 46, 70.38, 1332931, 1, 730667, 3568, 730034
1641010285, 341, 1847, 1854, 8, 4, 13.66%, 0, 0, 46, 64.08, 1334922, 1, 730940, 3568, 730722
1641010290, 341, 1848, 1854, 7, 4, 13.66%, 0, 0, 46, 57.20, 1335217, 1, 730986, 3569, 730722
1641010311, 341, 1849, 1855, 7, 4, 13.66%, 0, 0, 46, 80.86, 1336506, 1, 731292, 3570, 731155
1641010316, 341, 1850, 1855, 6, 3, 13.66%, 0, 0, 46, 220.27, 1337569, 1, 731593, 3571, 731155
1641010321, 341, 1852, 1877, 26, 4, 13.66%, 0, 0, 46, 52.40, 1338803, 1, 732196, 3573, 732172
1641010331, 341, 1853, 1877, 25, 3, 13.66%, 0, 0, 46, 65.61, 1339504, 1, 732492, 3574, 732172
1641010357, 341, 1854, 1877, 24, 3, 13.66%, 0, 0, 46, 57.99, 1340922, 1, 732795, 3575, 732172
1641010388, 341, 1855, 1877, 23, 3, 13.66%, 0, 0, 46, 145.94, 1342963, 1, 733104, 3576, 732172
1641010393, 341, 1856, 1879, 24, 4, 13.66%, 0, 0, 46, 309.84, 1344765, 1, 733565, 3577, 733264
1641010398, 341, 1858, 1883, 26, 4, 13.66%, 0, 0, 46, 316.87, 1346485, 1, 734226, 3579, 734224
1641010403, 341, 1860, 1888, 29, 4, 13.66%, 0, 0, 46, 229.88, 1347832, 1, 734683, 3581, 734671
1641010408, 341, 1862, 1894, 33, 4, 13.66%, 0, 0, 46, 277.09, 1349352, 1, 735326, 3583, 735255
1641010413, 341, 1864, 1895, 32, 4, 13.69%, 0, 0, 46, 283.64, 1350806, 1, 735962, 3585, 735486
1641010419, 341, 1866, 1895, 30, 4, 13.69%, 0, 0, 46, 290.29, 1352311, 1, 736609, 3587, 735486
1641010424, 341, 1867, 1897, 31, 4, 13.69%, 0, 0, 46, 277.15, 1353758, 1, 736940, 3588, 736895
1641010429, 341, 1869, 1898, 30, 4, 13.69%, 0, 0, 46, 293.71, 1355270, 1, 737598, 3590, 737153
1641010434, 341, 1871, 1899, 29, 4, 13.69%, 0, 0, 46, 37.28, 1356503, 1, 738260, 3592, 737851
1641010439, 341, 1873, 1899, 27, 3, 13.69%, 0, 0, 46, 319.04, 1358070, 1, 738936, 3594, 737851
1641010444, 341, 1875, 1900, 26, 2, 13.69%, 0, 0, 46, 322.57, 1359680, 1, 739859, 3596, 738980
1641010449, 341, 1877, 1900, 24, 2, 13.69%, 0, 0, 46, 339.27, 1361352, 1, 740503, 3598, 738980
1641010454, 341, 1879, 1900, 22, 1, 13.69%, 0, 0, 46, 330.61, 1363108, 1, 740979, 3600, 738980
1641010459, 341, 1881, 1901, 21, 1, 13.69%, 0, 0, 46, 307.26, 1364615, 1, 741671, 3602, 741030
1641010464, 341, 1883, 1901, 19, 1, 13.69%, 0, 0, 46, 267.73, 1365900, 1, 742359, 3604, 741030
1641010469, 341, 1884, 1903, 20, 1, 13.69%, 0, 0, 46, 286.19, 1367240, 1, 742710, 3605, 742576
1641010475, 341, 1885, 1903, 19, 1, 13.69%, 0, 0, 46, 283.12, 1368655, 1, 743055, 3606, 742576
1641010480, 341, 1887, 1905, 19, 3, 13.74%, 0, 0, 46, 306.94, 1370270, 1, 743888, 3608, 743629
1641010485, 341, 1889, 1907, 19, 5, 13.75%, 0, 0, 46, 294.19, 1371783, 1, 744414, 3610, 744171
1641010490, 341, 1891, 1907, 17, 5, 13.75%, 0, 0, 46, 299.87, 1373274, 1, 745067, 3612, 744171
1641010495, 341, 1892, 1907, 16, 5, 13.75%, 0, 0, 46, 290.96, 1374708, 1, 745401, 3613, 744171
1641010500, 341, 1893, 1908, 16, 5, 13.75%, 0, 0, 46, 43.49, 1375886, 1, 745741, 3614, 745410
1641010505, 341, 1894, 1909, 16, 5, 13.75%, 0, 0, 46, 151.62, 1376573, 1, 746064, 3615, 745895
1641010510, 341, 1895, 1912, 18, 7, 13.80%, 0, 0, 46, 263.61, 1378132, 1, 746466, 3616, 746214
1641010516, 341, 1896, 1912, 17, 7, 13.80%, 0, 0, 46, 276.83, 1379566, 1, 746689, 3617, 746214
1641010521, 341, 1897, 1913, 17, 7, 13.80%, 0, 0, 46, 289.08, 1381084, 1, 747004, 3618, 746792
1641010531, 341, 1899, 1915, 17, 7, 13.80%, 0, 0, 46, 300.31, 1383953, 1, 747888, 3620, 747754
1641010536, 341, 1901, 1916, 16, 7, 13.80%, 0, 0, 46, 277.51, 1385315, 1, 748248, 3622, 747902
1641010541, 341, 1903, 1918, 16, 7, 13.80%, 0, 0, 46, 307.40, 1386950, 1, 748875, 3624, 748659
1641010546, 341, 1905, 1922, 18, 7, 13.80%, 0, 0, 46, 313.52, 1388511, 1, 749470, 3626, 749286
1641010551, 341, 1907, 1924, 18, 5, 13.80%, 0, 0, 46, 324.72, 1390152, 1, 750035, 3628, 749830
1641010556, 341, 1908, 1925, 18, 5, 13.80%, 0, 0, 46, 225.70, 1391312, 1, 750301, 3629, 750292
1641010561, 341, 1910, 1934, 25, 6, 13.81%, 0, 0, 46, 400.36, 1393296, 1, 750851, 3631, 750783
1641010567, 341, 1912, 1935, 24, 6, 13.81%, 0, 0, 46, 273.01, 1394703, 1, 751397, 3633, 750890
1641010572, 341, 1914, 1937, 24, 6, 13.81%, 0, 0, 46, 334.01, 1396055, 1, 751943, 3635, 751535
1641010577, 341, 1916, 1937, 22, 6, 13.81%, 0, 0, 46, 317.31, 1397614, 1, 752508, 3637, 751535
1641010582, 341, 1918, 1937, 20, 5, 13.81%, 0, 0, 46, 306.80, 1399188, 1, 753101, 3639, 751535
1641010587, 341, 1919, 1937, 19, 5, 13.81%, 0, 0, 46, 290.29, 1400648, 1, 753407, 3640, 751535
1641010592, 341, 1920, 1938, 19, 4, 13.81%, 0, 0, 47, 283.29, 1402084, 1, 753720, 3641, 753497
1641010597, 341, 1922, 1939, 18, 4, 13.81%, 0, 0, 47, 297.96, 1403637, 1, 754319, 3643, 753855
1641010602, 341, 1924, 1940, 17, 4, 13.81%, 0, 0, 47, 322.49, 1405297, 1, 754916, 3645, 754422
1641010607, 341, 1925, 1940, 16, 4, 13.81%, 0, 0, 47, 338.84, 1406917, 1, 755242, 3646, 754422
1641010612, 341, 1929, 1944, 16, 3, 13.82%, 0, 0, 47, 455.22, 1409438, 1, 756637, 3650, 755715
1641010617, 341, 1933, 1944, 12, 2, 13.82%, 0, 0, 47, 474.43, 1411846, 1, 757934, 3654, 755715
1641010622, 341, 1936, 1948, 13, 1, 13.82%, 0, 0, 47, 374.32, 1413778, 1, 758706, 3657, 758662
1641010627, 341, 1937, 1948, 12, 1, 13.82%, 0, 0, 47, 296.71, 1415161, 1, 759032, 3658, 758662
1641010633, 341, 1939, 1948, 10, 1, 13.82%, 0, 0, 47, 303.10, 1416654, 1, 759700, 3660, 758662
1641010648, 341, 1942, 1948, 7, 1, 13.82%, 0, 0, 47, 363.81, 1419682, 1, 760737, 3663, 758662
1641010653, 341, 1946, 1950, 5, 0, 13.82%, 0, 0, 48, 455.90, 1422177, 1, 762176, 3667, 761891
1641010658, 341, 1949, 1950, 2, 0, 13.82%, 0, 0, 48, 420.64, 1424171, 1, 763241, 3670, 761891
1641093902, 342, 1798, 1950, 1, 0, 13.82%, 0, 0, 48, 0.00, 1424720, 1, 763604, 52941579, 761891
